0.13855766666667
0.135132
0.12631033333333
0.138792
0.12787466666667
0.1335
0.133244
0.133256
0.13333333333333
0.13717633333333
0.134621
0.133214
0.13665533333333
0.13021466666667
0.12811866666667
0.13333333333333
0.13333333333333
0.134941
0.13784366666667
0.132104
0.12844466666667
0.13545333333333
0.13209833333333
0.13244833333333
0.137399
0.136304
0.126297
0.13333333333333
0.138793
0.12787366666667
0.13333333333333
0.13333333333333
0.14084233333333
0.12582433333333
0.141664
0.13163033333333
0.12670566666667
0.13333333333333
0.13511633333333
0.13155033333333
0.13864433333333
0.135601
0.13042566666667
0.12866233333333
0.13333333333333
0.135154
0.134118
0.13776533333333
0.13105533333333
0.133329
0.13184633333333
0.13341966666667
0.129979
0.134494
0.13655966666667
0.13450733333333
0.13261033333333
0.13569233333333
0.134356
0.12922866666667
0.12921833333333
0.13333333333333
0.13333333333333
0.13333333333333
0.13333333333333
0.139015
0.12885133333333
0.13432666666667
0.13147933333333
0.13299433333333
0.13866466666667
0.128002
0.137527
0.12913966666667
0.13333333333333
0.13639966666667
0.130267
0.14166666666667
0.13274533333333
0.13090433333333
0.13414133333333
0.127209
0.13333333333333
0.13602933333333
0.13210766666667
0.13733666666667
0.136193
0.13333333333333
0.13121233333333
0.12755933333333
0.132895
0.10833333333333
0.12940266666667
0.137264
0.125
0.13333333333333
0.13333333333333
0.13333333333333
0.13333333333333
0.13600533333333
0.13860433333333
0.12539033333333
0.13333333333333
0.14166
0.12500666666667
0.136277
0.13038966666667
0.13333333333333
0.13333333333333
0.13333333333333
0.13899633333333
0.12915833333333
0.133943
0.13123566666667
0.13333333333333
0.14166666666667
0.125
0.13333333333333
0.14093
0.12573666666667
0.13333333333333
0.13333333333333
0.13577533333333
0.13089133333333
0.137748
0.12891866666667
0.136343
0.13107766666667
0.13257933333333
0.13333333333333
0.138405
0.13326133333333
0.134577
0.128953
0.13466366666667
0.13014
0.11208233333333
0.11412
0.137746
0.12771833333333
0.13333333333333
0.13333333333333
0.13580866666667
0.130858
0.13333333333333
0.13759866666667
0.13491833333333
0.13548066666667
0.133335
0.125334
0.13655966666667
0.130107
0.13483366666667
0.133457
0.13170933333333
0.13333333333333
0.13333333333333
0.13333333333333
0.13333333333333
0.13596966666667
0.138236
0.13014166666667
0.128986
0.13333333333333
0.13925633333333
0.12741033333333
0.13333333333333
0.13333333333333
0.13333333333333
0.13333333333333
0.14011266666667
0.13079633333333
0.13294566666667
0.130805
0.132007
0.13333333333333
0.14072466666667
0.13076333333333
0.13684533333333
0.125
0.133418
0.13324866666667
0.13333333333333
0.14166666666667
0.125
0.134057
0.13564166666667
0.131345
0.13228966666667
0.13487766666667
0.14012233333333
0.12966966666667
0.13410133333333
0.13275266666667
0.134371
0.12743866666667
0.13333333333333
0.13333333333333
0.13333333333333
0.13688066666667
0.13459
0.13133133333333
0.131328
0.13253666666667
0.13333333333333
0.14166633333333
0.13173233333333
0.13407333333333
0.12586133333333
0.13333333333333
0.133986
0.13268066666667
0.13362666666667
0.13771833333333
0.136592
0.12539633333333
0.13947766666667
0.127189
0.13333333333333
0.13333333333333
0.13333333333333
0.14166666666667
0.13333333333333
0.131495
0.128204
0.133155
0.127233
0.12157966666667
0.14166666666667
0.131252
0.13101566666667
0.13120266666667
0.13152966666667
0.13691166666667
0.13207733333333
0.13934433333333
0.13258433333333
0.125749
0.13333333333333
0.13865733333333
0.129911
0.13301
0.134292
0.13538133333333
0.12874833333333
0.13333333333333
0.13333333333333
0.13333333333333
0.13333333333333
0.13534966666667
0.13853733333333
0.13351
0.12593633333333
0.13812966666667
0.128537
0.13733133333333
0.13117366666667
0.131495
0.14166666666667
0.13166533333333
0.13447133333333
0.12553
0.135287
0.13137966666667
0.133918
0.13274866666667
0.14166666666667
0.13333333333333
0.13029433333333
0.128039
0.13350566666667
0.12482766666667
0.10833333333333
0.138329
0.13597933333333
0.12569166666667
0.13333333333333
0.13333333333333
0.13333333333333
0.13333333333333
0.14166666666667
0.12967433333333
0.128659
0.140588
0.13032833333333
0.12908366666667
0.13333333333333
0.13333333333333
0.14081466666667
0.125852
0.13903233333333
0.13497033333333
0.12599733333333
0.136287
0.131648
0.132065
0.14166666666667
0.125
0.13333333333333
0.13586566666667
0.131003
0.13313133333333
0.13395766666667
0.14104233333333
0.13049466666667
0.12783866666667
0.14078833333333
0.12587833333333
0.13333333333333
0.133448
0.13417266666667
0.13666833333333
0.13737766666667
0.125
0.13333333333333
0.135437
0.13122966666667
0.117984
0.14034933333333
0.125
0.13792
0.12874666666667
0.13554633333333
0.13194466666667
0.132509
0.14166666666667
0.13259833333333
0.125735
0.13811433333333
0.13544266666667
0.13005166666667
0.129906
0.133152
0.13333333333333
0.13333333333333
0.13333333333333
0.13333333333333
0.13390233333333
0.13335066666667
0.132747
0.13482166666667
0.14017833333333
0.125
0.13333333333333
0.13333333333333
0.141491
0.12920766666667
0.130834
0.139913
0.12966866666667
0.12888566666667
0.13860933333333
0.13589533333333
0.12549533333333
0.13492833333333
0.13199233333333
0.14141266666667
0.13333333333333
0.131452
0.12688133333333
0.13333333333333
0.136232
0.13043466666667
0.14166666666667
0.125
0.13333333333333
0.13375233333333
0.13291433333333
0.13470633333333
0.13477833333333
0.13647433333333
0.12737433333333
0.14163166666667
0.13203833333333
0.13466333333333
0.125
0.13333333333333
0.13333333333333
0.13592366666667
0.130743
0.14019033333333
0.13270633333333
0.130204
0.13110366666667
0.13246233333333
0.133991
0.14055266666667
0.12545633333333
0.137781
0.13697266666667
0.12524633333333
0.13333333333333
0.13333333333333
0.13840333333333
0.12826333333333
0.13333333333333
0.13333333333333
0.13333333333333
0.13333333333333
0.13463133333333
0.13203533333333
0.14166666666667
0.13109966666667
0.135567
0.12844366666667
0.12988966666667
0.13333333333333
0.125
0.13968066666667
0.126986
0.13333333333333
0.136557
0.13224033333333
0.13120266666667
0.13433766666667
0.14066233333333
0.125
0.13333333333333
0.138632
0.13370833333333
0.12765966666667
0.13359
0.13307666666667
0.13333333333333
0.13333333333333
0.137637
0.133862
0.128501
0.13333333333333
0.13333333333333
0.13333333333333
0.141178
0.13183933333333
0.12698266666667
0.13540266666667
0.135298
0.13123766666667
0.131395
0.14072766666667
0.125939
0.13995866666667
0.126708
0.13333333333333
0.13333333333333
0.13491766666667
0.131749
0.140068
0.134932
0.125
0.13333333333333
0.13623033333333
0.13043633333333
0.11666666666667
0.12926533333333
0.13640433333333
0.125997
0.13490633333333
0.13176033333333
0.135256
0.13141066666667
0.13721966666667
0.13700333333333
0.125777
0.140976
0.12569066666667
0.137974
0.13035
0.131676
0.13498333333333
0.13776966666667
0.127247
0.13937733333333
0.135584
0.12503866666667
0.13333333333333
0.13355633333333
0.13960533333333
0.12683833333333
0.13333333333333
0.13835333333333
0.13238233333333
0.12926433333333
0.13394433333333
0.135229
0.13082666666667
0.14140466666667
0.125262
0.13333333333333
0.13438166666667
0.13484333333333
0.13483433333333
0.131258
0.13734466666667
0.13567133333333
0.125
0.13333333333333
0.136286
0.117726
0.118071
0.13625033333333
0.125
0.14061633333333
0.12605033333333
0.135754
0.13091266666667
0.13333333333333
0.14068966666667
0.125977
0.13333333333333
0.139652
0.12701466666667
0.13333333333333
0.13505666666667
0.134513
0.13043033333333
0.13772566666667
0.135976
0.12629833333333
0.13481966666667
0.133024
0.13618333333333
0.1344
0.13556466666667
0.12600833333333
0.13333333333333
0.13361366666667
0.133053
0.13459633333333
0.135763
0.12964066666667
0.13333333333333
0.13333333333333
0.13333333333333
0.13333333333333
0.13333333333333
0.13333333333333
0.13390366666667
0.14109633333333
0.13333333333333
0.131566
0.12677666666667
0.136645
0.13001233333333
0.13475966666667
0.14024033333333
0.125
0.13614133333333
0.13052533333333
0.13333333333333
0.134307
0.13778066666667
0.13369666666667
0.13460733333333
0.13440133333333
0.125207
0.138877
0.12778966666667
0.13333333333333
0.13520833333333
0.13145833333333
0.14145733333333
0.132977
0.12605466666667
0.13319666666667
0.132981
0.137391
0.13650266666667
0.12610633333333
0.14106233333333
0.130917
0.13024433333333
0.13110966666667
0.13333333333333
0.13682033333333
0.12984633333333
0.13333333333333
0.137505
0.12916166666667
0.13540133333333
0.13206533333333
0.13473633333333
0.13263333333333
0.13921633333333
0.13110133333333
0.13441133333333
0.12710133333333
0.13333333333333
0.13333333333333
0.13333333333333
0.138012
0.12865466666667
0.133691
0.13297566666667
0.13333333333333
0.13333333333333
0.14123466666667
0.13067666666667
0.12808866666667
0.14002933333333
0.13151666666667
0.130464
0.133188
0.13233633333333
0.13246566666667
0.13333333333333
0.13333333333333
0.139864
0.12680266666667
0.13428166666667
0.133981
0.13173733333333
0.14166666666667
0.125
0.139145
0.12752166666667
0.13333333333333
0.133831
0.13339433333333
0.13277466666667
0.14114
0.12552666666667
0.13834966666667
0.128317
0.13333333333333
0.13333333333333
0.13333333333333
0.13487833333333
0.14012166666667
0.13333333333333
0.13333333333333
0.125
0.13333333333333
0.11862833333333
0.109764
0.13827433333333
0.125
0.141486
0.12929466666667
0.13283266666667
0.132533
0.13052033333333
0.14166666666667
0.125
0.14092
0.13016233333333
0.137251
0.125
0.13333333333333
0.13333333333333
0.13701133333333
0.12965533333333
0.14091166666667
0.12755566666667
0.13353433333333
0.13133166666667
0.13333333333333
0.13480733333333
0.14019266666667
0.12947666666667
0.12885666666667
0.139455
0.12721166666667
0.13333333333333
0.13533166666667
0.13909566666667
0.12557266666667
0.13764933333333
0.13294333333333
0.13324533333333
0.12949533333333
0.137139
0.12952766666667
0.141442
0.133558
0.13146633333333
0.12922466666667
0.13097566666667
0.13705333333333
0.131662
0.139618
0.13266866666667
0.12859166666667
0.13040633333333
0.13333333333333
0.13333333333333
0.13504566666667
0.13630733333333
0.13577433333333
0.13364466666667
0.131619
0.13594233333333
0.12738666666667
0.13294333333333
0.13133666666667
0.137474
0.13403833333333
0.12848766666667
0.13333333333333
0.13333333333333
0.13333333333333
0.13333333333333
0.135148
0.139852
0.13262066666667
0.130304
0.12915033333333
0.132925
0.13333333333333
0.13557633333333
0.136744
0.12767966666667
0.13885733333333
0.135845
0.12935966666667
0.12927133333333
0.13700166666667
0.13381633333333
0.13751533333333
0.13264533333333
0.13402133333333
0.131586
0.12674733333333
0.13471833333333
0.134677
0.138938
0.125
0.13333333333333
0.136667
0.13287133333333
0.13046166666667
0.134077
0.140923
0.125
0.140137
0.13338933333333
0.134807
0.12914733333333
0.129186
0.13333333333333
0.13606433333333
0.13502966666667
0.128906
0.13417666666667
0.13249
0.13625766666667
0.13357533333333
0.138358
0.13005633333333
0.13295333333333
0.12879933333333
0.136476
0.13019066666667
0.137463
0.13149933333333
0.136359
0.128012
0.13800266666667
0.128664
0.13333333333333
0.13596066666667
0.13376733333333
0.130272
0.14156266666667
0.129588
0.12884933333333
0.136636
0.13003066666667
0.13748633333333
0.122927
0.13958666666667
0.130768
0.12756533333333
0.13333333333333
0.13599566666667
0.130671
0.13333333333333
0.13878633333333
0.13309
0.12812366666667
0.13333333333333
0.13793366666667
0.128733
0.13671166666667
0.129955
0.13684966666667
0.135583
0.134879
0.12602166666667
0.13333333333333
0.13619433333333
0.13114733333333
0.13706633333333
0.13563933333333
0.132533
0.13161633333333
0.12913666666667
0.13370866666667
0.13613466666667
0.13015666666667
0.14166666666667
0.125
0.13333333333333
0.14133633333333
0.12913833333333
0.133611
0.12924766666667
0.13333333333333
0.14166666666667
0.13260133333333
0.125732
0.137373
0.12929366666667
0.13333333333333
0.125
0.14166666666667
0.125
0.137157
0.12950966666667
0.13552066666667
0.131146
0.13333333333333
0.14166666666667
0.125
0.13333333333333
0.14052966666667
0.126137
0.13333333333333
0.13333333333333
0.13613533333333
0.131388
0.13978033333333
0.13414333333333
0.132324
0.126229
0.134153
0.13388866666667
0.13858066666667
0.13466266666667
0.12538166666667
0.13333333333333
0.13333333333333
0.13573333333333
0.13151466666667
0.13509433333333
0.13932433333333
0.125
0.141407
0.12525966666667
0.13589633333333
0.13339866666667
0.13101633333333
0.133022
0.140676
0.134324
0.125
0.13333333333333
0.13674466666667
0.13146866666667
0.12345333333333
0.14166666666667
0.125
0.141375
0.12529166666667
0.13333333333333
0.136987
0.13112
0.136552
0.13414266666667
0.127865
0.140599
0.134401
0.125
0.13510433333333
0.13474733333333
0.13014833333333
0.140176
0.130764
0.13632633333333
0.13437966666667
0.128239
0.132721
0.13466133333333
0.13563833333333
0.12709433333333
0.13954133333333
0.12712533333333
0.13333333333333
0.13442433333333
0.13224233333333
0.13987566666667
0.126791
0.13333333333333
0.13333333333333
0.13743433333333
0.12923233333333
0.13333333333333
0.13333333333333
0.14166666666667
0.13333333333333
0.129948
0.12838533333333
0.13612233333333
0.13054433333333
0.126721
0.13994566666667
0.125
0.138835
0.128296
0.132922
0.13328033333333
0.13333333333333
0.14032966666667
0.126337
0.13333333333333
0.13333333333333
0.14095233333333
0.13238766666667
0.12707933333333
0.132914
0.135751
0.13091566666667
0.1383
0.12836666666667
0.13333333333333
0.13703966666667
0.129627
0.13333333333333
0.13899366666667
0.13521766666667
0.13303733333333
0.12608466666667
0.13333333333333
0.13387066666667
0.13587533333333
0.13858733333333
0.13008566666667
0.13619633333333
0.13023466666667
0.12848333333333
0.13716433333333
0.131173
0.13166266666667
0.140039
0.132653
0.133623
0.12978166666667
0.13057
0.13431233333333
0.119361
0.13799333333333
0.125
0.13333333333333
0.13333333333333
0.13457833333333
0.13208833333333
0.13549666666667
0.139339
0.13333033333333
0.12516733333334
0.13936966666666
0.13375933333333
0.127042
0.13316233333334
0.13333333333333
0.13333333333333
0.13333333333333
0.13965966666667
0.127007
0.13333333333333
0.136899
0.12976766666667
0.13333333333333
0.140597
0.13202333333333
0.132748
0.127965
0.13480166666666
0.131865
0.13333333333333
0.135585
0.13108166666667
0.13333333333333
0.14152166666666
0.125145
0.13333333333333
0.13518366666666
0.13345966666667
0.13208433333333
0.14059066666667
0.13368166666667
0.12925366666666
0.12915633333333
0.13325666666667
0.13333333333333
0.13765166666666
0.13394166666667
0.133203
0.12886266666667
0.133112
0.13505
