17599
6911
1008
237
228
225
236
238
254
284
344
332
278
263
262
289
425
493
508
484
408
363
352
521
388
397
401
387
313
303
474
615
469
423
435
363
326
334
729
451
399
412
332
317
349
595
664
506
527
440
426
391
396
625
456
464
466
416
382
385
398
588
425
433
377
326
307
345
417
456
411
420
378
322
318
424
603
448
425
422
365
323
317
672
433
410
393
330
324
321
559
580
466
415
396
375
372
367
554
409
458
402
413
361
363
381
541
402
368
364
319
289
342
388
438
406
417
394
322
312
440
622
441
415
426
377
320
324
667
448
392
381
338
312
322
568
576
463
425
403
368
362
356
568
418
448
424
385
368
368
378
544
397
376
361
320
292
317
385
436
398
413
397
322
305
454
600
443
425
427
360
319
319
666
446
408
389
325
308
325
542
580
450
439
413
399
362
354
558
408
445
408
387
365
398
393
534
393
375
360
321
285
318
397
423
404
404
374
327
301
416
606
432
426
429
361
312
313
661
426
415
375
332
318
322
585
588
463
418
402
369
354
362
570
416
448
410
393
361
367
382
525
391
372
364
324
298
333
447
505
479
483
417
358
326
465
629
459
498
455
380
331
336
659
433
412
390
360
317
320
559
589
473
418
400
367
352
350
554
419
446
422
392
367
365
390
524
396
366
353
317
290
331
390
422
401
413
379
342
305
437
606
441
418
415
364
316
321
668
435
405
390
336
320
330
566
566
458
417
406
377
359
370
549
419
429
412
387
359
369
380
533
408
368
352
312
280
330
401
434
408
441
391
322
310
443
585
465
417
418
358
322
325
658
437
395
389
326
312
329
558
582
445
434
389
370
370
354
585
424
451
417
381
382
358
384
540
386
381
353
319
286
322
387
436
398
413
375
322
310
431
598
427
427
425
355
321
320
671
423
410
387
317
313
320
553
588
442
438
400
381
349
354
568
409
466
404
404
365
359
385
528
394
373
355
319
290
321
386
435
413
405
385
334
309
423
594
428
426
418
367
315
318
665
434
400
380
327
330
318
557
573
457
422
397
371
363
351
549
427
435
426
392
362
365
378
539
394
384
364
313
286
321
385
433
397
396
386
327
309
438
588
470
426
416
364
319
320
664
460
396
384
337
313
319
547
579
461
431
406
