16566
6236
1070
255
232
226
240
254
291
361
414
441
541
490
438
455
469
494
487
512
506
523
484
501
534
550
530
502
447
374
347
390
424
447
490
511
490
443
482
489
481
485
491
513
507
508
526
600
573
628
663
570
468
454
422
414
409
435
452
442
447
528
582
567
546
499
470
442
463
520
541
629
583
503
382
323
380
418
444
470
551
503
473
469
477
471
480
487
520
522
514
519
571
521
544
597
587
484
426
390
393
408
429
478
431
437
485
542
527
540
481
496
483
444
500
533
529
549
476
403
313
360
407
418
453
493
494
449
443
477
482
463
478
503
515
484
522
555
567
528
609
602
514
421
424
391
408
410
440
445
414
491
528
546
550
523
479
461
425
486
531
542
535
500
417
325
332
377
418
428
483
480
463
429
462
475
453
477
483
521
494
534
530
570
514
589
640
533
457
446
401
397
445
463
449
449
469
547
571
557
532
500
464
443
469
546
549
581
510
447
347
323
372
412
457
475
501
477
441
468
490
464
496
487
527
505
526
519
588
526
588
630
548
475
421
387
399
408
443
457
435
433
521
574
535
565
506
474
465
457
521
532
571
534
486
365
313
370
407
440
455
505
471
442
467
469
477
468
497
512
526
500
533
580
555
560
639
583
513
435
411
407
407
419
454
447
431
508
588
542
575
494
489
456
462
501
556
557
533
483
399
309
354
393
415
460
490
486
449
455
494
498
464
493
498
526
501
559
567
559
532
616
616
528
445
432
397
417
434
475
456
439
475
549
598
583
501
490
458
437
480
540
533
536
485
422
319
333
387
408
441
491
515
457
444
477
486
462
511
492
518
489
535
549
568
502
581
618
533
432
430
387
396
406
435
437
420
456
505
562
528
521
474
466
429
472
522
549
558
501
433
350
324
369
418
427
472
508
471
439
466
488
461
491
484
533
498
525
511
583
529
569
630
552
488
424
395
387
405
427
445
438
431
513
551
548
528
498
458
447
448
527
529
559
528
475
363
305
366
402
424
448
520
473
438
459
477
478
468
487
507
517
494
519
568
542
547
611
586
485
422
396
385
413
409
456
428
419
492
559
554
556
487
494
447
450
523
545
545
531
487
400
308
348
393
416
448
498
480
461
440
481
470
463
475
509
513
492
539
574
