0,0.15
1,0.13333333333333
2,0.12140833333333
3,0.12940233333333
4,0.13252266666667
5,0.137671
6,0.11908666666667
7,0.14100566666667
8,0.133142
9,0.12519133333333
10,0.13316266666667
11,0.134599
12,0.130027
13,0.130593
14,0.127611
15,0.110174
16,0.110187
17,0.093775
18,0.094846
19,0.092986
20,0.077286
21,0.078149
22,0.079596
23,0.06317
24,0.064907
25,0.062917
26,0.062689
27,0.063685
28,0.051027
29,0.06111111111111
30,0.05105788888889
31,0.052086
32,0.05164
33,0.05555555555556
34,0.05555555555556
35,0.05555555555556
36,0.06760966666667
37,0.066431
38,0.069664
39,0.069233
40,0.06428571428571
41,0.06273161904762
42,0.06022633333333
43,0.062824
44,0.062493
45,0.062265
46,0.047507
47,0.046552
48,0.04851
49,0.047935
50,0.047947
51,0.045274
52,0.031821
53,0.031523
54,0.033143
55,0.030686
56,0.031033
57,0.032137
58,0.032131
59,0.033757
60,0.032396
61,0.032355
62,0.03333333333333
63,0.03208666666667
64,0.032536
65,0.031214
66,0.016581
67,0.017066
68,0.016248
69,0.01693
70,0.017186
71,0.016347
72,0.016771
73,0.016277
74,0.01833333333333
75,0.01851851851852
76,0.01851851851852
77,0.01851851851852
78,0.01851851851852
79,0.01833333333333
80,0.01833333333333
81,0.01833333333333
82,0.01833333333333
83,0.01833333333333
84,0.01833333333333
85,0.01851851851852
86,0.01851851851852
87,0.01851851851852
88,0.01851851851852
89,0.01834918518519
90,0.01833333333333
91,0.01833333333333
92,0.01833333333333
93,0.01833333333333
94,0.01833333333333
95,0.01851851851852
96,0.01851851851852
97,0.01851851851852
98,0.01851851851852
99,0.01851851851852
100,0.01851851851852
101,0.01851851851852
102,0.01851851851852
103,0.01851851851852
104,0.02609033333333
105,0.01851851851852
106,0.01851851851852
107,0.01851851851852
108,0.01676544444444
109,0.01666666666667
110,0.01666666666667
111,0.01666666666667
112,0.01851851851852
113,0.02822648148148
114,0.01851851851852
115,0.01806981481481
116,0.01666666666667
117,0.01666666666667
118,0.01944444444444
119,0.02991588888889
120,0.02222222222222
121,0.02756677777778
122,0.01751733333333
123,0.02222222222222
124,0.02586544444445
125,0.018579
126,0.02222222222222
127,0.02527077777778
128,0.01917366666667
129,0.02272727272727
130,0.02283606060606
131,0.02272727272727
132,0.02566872727273
133,0.02270733333333
134,0.02222222222222
135,0.02272727272727
136,0.02171717171717
137,0.02222222222222
138,0.02272727272727
139,0.02171717171717
140,0.02222222222222
141,0.02272727272727
142,0.02171717171717
143,0.02222222222222
144,0.02272727272727
145,0.02171717171717
146,0.02222222222222
147,0.02272727272727
148,0.02171717171717
149,0.021121
150,0.02272727272727
151,0.02222222222222
152,0.01932950505051
153,0.02272727272727
154,0.02222222222222
155,0.02176450505051
156,0.02272727272727
157,0.02222222222222
158,0.02182750505051
159,0.02272727272727
160,0.02222222222222
161,0.02104050505051
162,0.02272727272727
163,0.02222222222222
164,0.02222222222222
165,0.02272727272727
166,0.02222222222222
167,0.02222222222222
168,0.02272727272727
169,0.02222222222222
170,0.02215607070707
171,0.02233566666667
172,0.02222222222222
173,0.02109311111111
174,0.02272727272727
175,0.02222222222222
176,0.02137050505051
177,0.02272727272727
178,0.02222222222222
179,0.01953350505051
180,0.016857
181,0.016751
182,0.016834
183,0.017302
184,0.01944444444444
185,0.01944444444444
186,0.01925577777778
187,0.01944444444444
188,0.01904761904762
189,0.01904761904762
190,0.01838965079365
191,0.01944444444444
192,0.01944444444444
193,0.01904761904762
194,0.01904761904762
195,0.01904761904762
196,0.01696825396825
197,0.016689
198,0.016978
199,0.016356
200,0.016627
201,0.017111
202,0.01666666666667
203,0.01666666666667
204,0.01666666666667
205,0.01666666666667
206,0.01666666666667
207,0.01666666666667
208,0.01666666666667
209,0.01666666666667
210,0.01666666666667
211,0.01666666666667
212,0.01666666666667
213,0.01666666666667
214,0.01721766666667
215,0.01666666666667
216,0.01666666666667
217,0.01666666666667
218,0.01666666666667
219,0.01666666666667
220,0.01666666666667
221,0.01666666666667
222,0.01666666666667
223,0.01666666666667
224,0.01666666666667
225,0.01666666666667
226,0.01666666666667
227,0.01666666666667
228,0.01666666666667
229,0.01666666666667
230,0.01666666666667
231,0.01666666666667
232,0.01666666666667
233,0.01666666666667
234,0.01666666666667
235,0.01666666666667
236,0.01666666666667
237,0.01666666666667
238,0.01666666666667
239,0.01666666666667
240,0.01666666666667
241,0.01666666666667
242,0.01666666666667
243,0.01666666666667
244,0.01666666666667
245,0.01666666666667
246,0.01666666666667
247,0.01666666666667
248,0.01666666666667
249,0.01666666666667
250,0.01666666666667
251,0.01666666666667
252,0.018086
253,0.028335
254,0.01805555555556
255,0.01805555555556
256,0.01805555555556
257,0.01749833333333
258,0.01666666666667
259,0.01666666666667
260,0.01666666666667
261,0.01666666666667
262,0.01666666666667
263,0.01666666666667
264,0.01805555555556
265,0.02705244444445
266,0.01805555555556
267,0.01805555555556
268,0.01805555555556
269,0.017392
270,0.01666666666667
271,0.01666666666667
272,0.01666666666667
273,0.01666666666667
274,0.01666666666667
275,0.01666666666667
276,0.01805555555556
277,0.02682077777778
278,0.01805555555556
279,0.01805555555556
280,0.01805555555556
281,0.01762366666667
282,0.01666666666667
283,0.01666666666667
284,0.01666666666667
285,0.01666666666667
286,0.01666666666667
287,0.01666666666667
288,0.01805555555556
289,0.02554711111111
290,0.01805555555556
291,0.01805555555556
292,0.01805555555556
293,0.01805555555556
294,0.01750844444444
295,0.01666666666667
296,0.01666666666667
297,0.01666666666667
298,0.01666666666667
299,0.01666666666667
300,0.01805555555556
301,0.02718244444445
302,0.01805555555556
303,0.01805555555556
304,0.01805555555556
305,0.017262
306,0.01666666666667
307,0.01666666666667
308,0.01666666666667
309,0.01851851851852
310,0.03171081481482
311,0.030996
312,0.025
313,0.025
314,0.025
315,0.025
316,0.025
317,0.025
318,0.025
319,0.025
320,0.02350266666667
321,0.025
322,0.023676
323,0.02529266666667
324,0.02472933333333
325,0.025
326,0.023441
327,0.025
328,0.024174
329,0.025
330,0.021664
331,0.016875
332,0.017246
333,0.016304
334,0.016468
335,0.016712
336,0.017205
337,0.016425
338,0.01598
339,0.016348
340,0.016621
341,0.01666666666667
342,0.01666666666667
343,0.01666666666667
344,0.01666666666667
345,0.01666666666667
346,0.01666666666667
347,0.01666666666667
348,0.01660433333333
349,0.01666666666667
350,0.01666666666667
351,0.01666666666667
352,0.01666666666667
353,0.01666666666667
354,0.01666666666667
355,0.01666666666667
356,0.01666666666667
357,0.01666666666667
358,0.016666
359,0.01666666666667
360,0.01666666666667
361,0.01666666666667
362,0.01666666666667
363,0.01666666666667
364,0.01666666666667
365,0.01666666666667
366,0.01666666666667
367,0.01666666666667
368,0.01666666666667
369,0.01637833333333
370,0.01666666666667
371,0.01666666666667
372,0.01666666666667
373,0.01666666666667
374,0.01666666666667
375,0.01666666666667
376,0.01666666666667
377,0.01657533333333
378,0.016471
379,0.016372
380,0.016313
381,0.01666666666667
382,0.01666666666667
383,0.01666666666667
384,0.01666666666667
385,0.01666666666667
386,0.01666666666667
387,0.01666666666667
388,0.01666666666667
389,0.01666666666667
390,0.01666666666667
391,0.01666666666667
392,0.01666666666667
393,0.01666666666667
394,0.01666666666667
395,0.01666666666667
396,0.016608
397,0.01666666666667
398,0.01666666666667
399,0.01656766666667
400,0.01666666666667
401,0.01666666666667
402,0.01666666666667
403,0.01666666666667
404,0.01666666666667
405,0.01666666666667
406,0.01666666666667
407,0.01666666666667
408,0.01666666666667
409,0.01666666666667
410,0.01666666666667
411,0.01666666666667
412,0.01666666666667
413,0.01666666666667
414,0.01575466666667
415,0.015922
416,0.016327
417,0.01666666666667
418,0.01666666666667
419,0.01666666666667
420,0.01666666666667
421,0.01666666666667
422,0.01666666666667
423,0.01666666666667
424,0.01666666666667
425,0.01666666666667
426,0.01666666666667
427,0.01666666666667
428,0.01666666666667
429,0.01666666666667
430,0.01666666666667
431,0.01666666666667
432,0.01666666666667
433,0.01666666666667
434,0.01666666666667
435,0.01666666666667
436,0.01666666666667
437,0.01666666666667
438,0.01666666666667
439,0.01666666666667
440,0.01666666666667
441,0.01666666666667
442,0.01666666666667
443,0.01666666666667
444,0.01666666666667
445,0.01666666666667
446,0.01666666666667
447,0.01666666666667
448,0.01666666666667
449,0.01666666666667
450,0.01666666666667
451,0.01666666666667
452,0.01666666666667
453,0.01666666666667
454,0.01666666666667
455,0.01666666666667
456,0.01666666666667
457,0.01666666666667
458,0.01666666666667
459,0.01666666666667
460,0.01666666666667
461,0.01666666666667
462,0.01666666666667
463,0.01666666666667
464,0.01666666666667
465,0.01666666666667
466,0.01666666666667
467,0.01666666666667
468,0.016596
469,0.01666666666667
470,0.01666666666667
471,0.01666666666667
472,0.01666666666667
473,0.01666666666667
474,0.01666666666667
475,0.01666666666667
476,0.01666666666667
477,0.01666666666667
478,0.01666666666667
479,0.01666666666667
480,0.01666666666667
481,0.01666666666667
482,0.01666666666667
483,0.01666666666667
484,0.01666666666667
485,0.01666666666667
486,0.01666666666667
487,0.01666666666667
488,0.01666666666667
489,0.01666666666667
490,0.01666666666667
491,0.01666666666667
492,0.01666666666667
493,0.01666666666667
494,0.01666666666667
495,0.01666666666667
496,0.01666666666667
497,0.01666666666667
498,0.01666666666667
499,0.01666666666667
500,0.01666666666667
501,0.01666666666667
502,0.01666666666667
503,0.01666666666667
504,0.01666666666667
505,0.01666666666667
506,0.01666666666667
507,0.01666666666667
508,0.01666666666667
509,0.01666666666667
510,0.01666666666667
511,0.01666666666667
512,0.01666666666667
513,0.01666666666667
514,0.01666666666667
515,0.01666666666667
516,0.01666666666667
517,0.01666666666667
518,0.01666666666667
519,0.01666666666667
520,0.01666666666667
521,0.01666666666667
522,0.01666666666667
523,0.01666666666667
524,0.01666666666667
525,0.01666666666667
526,0.01666666666667
527,0.01666666666667
528,0.01666666666667
529,0.01666666666667
530,0.01666666666667
531,0.01666666666667
532,0.01666666666667
533,0.01666666666667
534,0.01666666666667
535,0.01666666666667
536,0.01666666666667
537,0.01666666666667
538,0.01666666666667
539,0.01666666666667
540,0.01666666666667
541,0.01666666666667
542,0.01666666666667
543,0.01666666666667
544,0.01666666666667
545,0.01681
546,0.01666666666667
547,0.01670833333333
548,0.018055
549,0.017436
550,0.01666666666667
551,0.01666666666667
552,0.01666666666667
553,0.01666666666667
554,0.01666666666667
555,0.01723066666667
556,0.017038
557,0.01666666666667
558,0.01666666666667
559,0.01802366666667
560,0.01666666666667
561,0.01666666666667
562,0.01666666666667
563,0.01666666666667
564,0.01702633333333
565,0.01666666666667
566,0.01666666666667
567,0.01666666666667
568,0.01666666666667
569,0.01666666666667
570,0.01666666666667
571,0.01666666666667
572,0.01666666666667
573,0.01666666666667
574,0.01666666666667
575,0.01666666666667
576,0.01666666666667
577,0.01666666666667
578,0.01666666666667
579,0.01666666666667
580,0.01666666666667
581,0.01666666666667
582,0.01666666666667
583,0.01666666666667
584,0.01666666666667
585,0.01666666666667
586,0.01666666666667
587,0.01666666666667
588,0.01666666666667
589,0.01666666666667
590,0.01666666666667
591,0.01666666666667
592,0.01666666666667
593,0.01767533333333
594,0.017688
595,0.02251366666667
596,0.018552
597,0.01805555555556
598,0.01805555555556
599,0.01805555555556
600,0.01805555555556
601,0.01805555555556
602,0.01792088888889
603,0.01666666666667
604,0.01666666666667
605,0.01666666666667
606,0.01805555555556
607,0.02705677777778
608,0.01805555555556
609,0.01805555555556
610,0.01805555555556
611,0.01738766666667
612,0.01666666666667
613,0.01666666666667
614,0.01666666666667
615,0.01666666666667
616,0.01666666666667
617,0.01666666666667
618,0.01805555555556
619,0.02479711111111
620,0.01805555555556
621,0.01805555555556
622,0.01805555555556
623,0.01805555555556
624,0.01805555555556
625,0.01686955555555
626,0.01666666666667
627,0.01666666666667
628,0.01666666666667
629,0.01666666666667
630,0.01805555555556
631,0.02362644444445
632,0.01805555555556
633,0.01805555555556
634,0.01805555555556
635,0.01805555555556
636,0.01763411111111
637,0.01666666666667
638,0.01666666666667
639,0.01666666666667
640,0.01666666666667
641,0.01666666666667
642,0.01666666666667
643,0.01666666666667
644,0.01666666666667
645,0.01666666666667
646,0.01666666666667
647,0.01666666666667
648,0.01666666666667
649,0.01666666666667
650,0.01666666666667
651,0.01666666666667
652,0.01666666666667
653,0.01666666666667
654,0.01666666666667
655,0.01666666666667
656,0.01666666666667
657,0.01666666666667
658,0.01666666666667
659,0.01666666666667
660,0.01666666666667
661,0.01666666666667
662,0.01666666666667
663,0.01666666666667
664,0.01666666666667
665,0.01666666666667
666,0.01666666666667
667,0.01666666666667
668,0.01666666666667
669,0.01666666666667
670,0.01666666666667
671,0.01656066666667
672,0.015613
673,0.015935
674,0.015593
675,0.01553
676,0.015798
677,0.016229
678,0.015686
679,0.01583
680,0.015762
681,0.016569
682,0.01666666666667
683,0.01666666666667
684,0.01637166666667
685,0.016261
686,0.015892
687,0.015593
688,0.016666
689,0.015792
690,0.016215
691,0.01666666666667
692,0.01661033333333
693,0.016224
694,0.01666666666667
695,0.01652633333333
696,0.016127
697,0.015981
698,0.01527777777778
699,0.00814022222222
700,0.01527777777778
701,0.01527777777778
702,0.01527777777778
703,0.01527777777778
704,0.01527777777778
705,0.01595644444444
706,0.01666666666667
707,0.01666666666667
708,0.01666666666667
709,0.01666666666667
710,0.01527777777778
711,0.01155722222222
712,0.01527777777778
713,0.01527777777778
714,0.01527777777778
715,0.01527777777778
716,0.01527777777778
717,0.01527777777778
718,0.01527777777778
719,0.01622055555555
720,0.01666666666667
721,0.01666666666667
722,0.01527777777778
723,0.01527777777778
724,0.01527777777778
725,0.01527777777778
726,0.01527777777778
727,0.01527777777778
728,0.01527777777778
729,0.01527777777778
730,0.01527777777778
731,0.01527777777778
732,0.01527777777778
733,0.01527777777778
734,0.016556
735,0.01527777777778
736,0.01527777777778
737,0.01527777777778
738,0.01527777777778
739,0.01527777777778
740,0.01527777777778
741,0.01527777777778
742,0.01527777777778
743,0.01658677777778
744,0.01666666666667
745,0.01626933333333
746,0.015743
747,0.01666666666667
748,0.01666666666667
749,0.01666066666667
750,0.01666666666667
751,0.01658933333333
752,0.016131
753,0.015797
754,0.015794
755,0.016063
756,0.016149
757,0.016324
758,0.01648
759,0.01582
760,0.01527777777778
761,0.01527777777778
762,0.01527777777778
763,0.01527777777778
764,0.01527777777778
765,0.01527777777778
766,0.01527777777778
767,0.01527777777778
768,0.01527777777778
769,0.015663
770,0.015937
771,0.01625
772,0.016519
773,0.016464
774,0.01546
775,0.01527777777778
776,0.01527777777778
777,0.01527777777778
778,0.01527777777778
779,0.01527777777778
780,0.01527777777778
781,0.01527777777778
782,0.01527777777778
783,0.01570277777778
784,0.01666666666667
785,0.01650133333333
786,0.015991
787,0.01666666666667
788,0.01625433333333
789,0.01666666666667
790,0.01617033333333
791,0.016249
792,0.016403
793,0.016559
794,0.01569
795,0.01534
796,0.01527777777778
797,0.01527777777778
798,0.01527777777778
799,0.01527777777778
800,0.01527777777778
801,0.01527777777778
802,0.01527777777778
803,0.01527777777778
804,0.01527777777778
805,0.01527777777778
806,0.01527777777778
807,0.01527777777778
808,0.01391
809,0.01527777777778
810,0.01527777777778
811,0.01527777777778
812,0.01527777777778
813,0.01527777777778
814,0.01527777777778
815,0.01527777777778
816,0.01527777777778
817,0.01527777777778
818,0.015862
819,0.01527777777778
820,0.01432622222222
821,0.01527777777778
822,0.01527777777778
823,0.01527777777778
824,0.01527777777778
825,0.01527777777778
826,0.01527777777778
827,0.01527777777778
828,0.01573222222222
829,0.015981
830,0.016017
831,0.016092
832,0.016179
833,0.01527777777778
834,0.01527777777778
835,0.01527777777778
836,0.01527777777778
837,0.01527777777778
838,0.01527777777778
839,0.01527777777778
840,0.01569655555556
841,0.015431
842,0.01666666666667
843,0.01666666666667
844,0.01643766666667
845,0.01666666666667
846,0.01561933333333
847,0.016338
848,0.015918
849,0.015554
850,0.01666666666667
851,0.01666666666667
852,0.01666666666667
853,0.01666666666667
854,0.01610833333333
855,0.01652
856,0.015829
857,0.01527777777778
858,0.01527777777778
859,0.01527777777778
860,0.01527777777778
861,0.01527777777778
862,0.01527777777778
863,0.01527777777778
864,0.01527777777778
865,0.01527777777778
866,0.01527777777778
867,0.01527777777778
868,0.01627044444444
869,0.01666666666667
870,0.01666666666667
871,0.01666666666667
872,0.016568
873,0.015462
874,0.01527777777778
875,0.01527777777778
876,0.01527777777778
877,0.01527777777778
878,0.01527777777778
879,0.01527777777778
880,0.01527777777778
881,0.01527777777778
882,0.01527777777778
883,0.01527777777778
884,0.01580622222222
885,0.016205
886,0.015976
887,0.015826
888,0.01527777777778
889,0.01527777777778
890,0.01527777777778
891,0.01527777777778
892,0.01527777777778
893,0.01527777777778
894,0.01527777777778
895,0.01527777777778
896,0.01527777777778
897,0.01527777777778
898,0.01589222222222
899,0.016243
900,0.01596
901,0.015975
902,0.01527777777778
903,0.01527777777778
904,0.01527777777778
905,0.01527777777778
906,0.01527777777778
907,0.01527777777778
908,0.01527777777778
909,0.01527777777778
910,0.01527777777778
911,0.015675
912,0.016119
913,0.015884
914,0.015971
915,0.01658
916,0.015515
917,0.01527777777778
918,0.01527777777778
919,0.01527777777778
920,0.01527777777778
921,0.01527777777778
922,0.01527777777778
923,0.01527777777778
924,0.01527777777778
925,0.01527777777778
926,0.01527777777778
927,0.01548522222222
928,0.016056
929,0.01666666666667
930,0.01547533333333
931,0.01527777777778
932,0.01527777777778
933,0.01527777777778
934,0.01527777777778
935,0.01527777777778
936,0.01527777777778
937,0.01527777777778
938,0.01527777777778
939,0.01527777777778
940,0.016062
941,0.01621
942,0.015974
943,0.015775
944,0.016094
945,0.015691
946,0.01527777777778
947,0.01527777777778
948,0.01527777777778
949,0.01527777777778
950,0.01527777777778
951,0.01527777777778
952,0.01527777777778
953,0.01527777777778
954,0.01630277777778
955,0.015448
956,0.015876
957,0.015661
958,0.016626
959,0.015681
960,0.015702
961,0.01527777777778
962,0.01527777777778
963,0.01527777777778
964,0.01527777777778
965,0.01527777777778
966,0.01527777777778
967,0.01527777777778
968,0.01527777777778
969,0.01527777777778
970,0.01527777777778
971,0.01527777777778
972,0.01527777777778
973,0.014114
974,0.01527777777778
975,0.01527777777778
976,0.01527777777778
977,0.01527777777778
978,0.01527777777778
979,0.01527777777778
980,0.01527777777778
981,0.01527777777778
982,0.01527777777778
983,0.01578166666667
984,0.01527777777778
985,0.01527777777778
986,0.01527777777778
987,0.01527777777778
988,0.01527777777778
989,0.01527777777778
990,0.01527777777778
991,0.01527777777778
992,0.01527777777778
993,0.01527777777778
994,0.01527777777778
995,0.01527777777778
996,0.01527777777778
997,0.01285322222222
998,0.01527777777778
999,0.01527777777778
1000,0.01527777777778
1001,0.01527777777778
1002,0.01527777777778
1003,0.01527777777778
1004,0.01527777777778
1005,0.01527777777778
1006,0.01631344444444
1007,0.01666666666667
1008,0.01527777777778
1009,0.00770088888889
1010,0.015177
1011,0.01527777777778
1012,0.01527777777778
1013,0.01527777777778
1014,0.01388888888889
1015,0.00949377777778
1016,0.01388888888889
1017,0.01388888888889
1018,0.01485055555555
1019,0.01666666666667
1020,0.01388888888889
1021,0.01200711111111
1022,0.01388888888889
1023,0.01388888888889
1024,0.01388888888889
1025,0.01577066666667
1026,0.01388888888889
1027,0.01388888888889
1028,0.01388888888889
1029,0.01388888888889
1030,0.01388888888889
1031,0.01388888888889
1032,0.01388888888889
1033,0.01388888888889
1034,0.01388888888889
1035,0.01388888888889
1036,0.01388888888889
1037,0.01388888888889
1038,0.01428571428571
1039,0.01388888888889
1040,0.01388888888889
1041,0.01388888888889
1042,0.01428571428571
1043,0.01428571428571
1044,0.01547619047619
1045,0.01428571428571
1046,0.01388888888889
1047,0.01428571428571
1048,0.01428571428571
1049,0.01428571428571
1050,0.01428571428571
1051,0.01468253968254
1052,0.01428571428571
1053,0.01388888888889
1054,0.01428571428571
1055,0.01428571428571
1056,0.01428571428571
1057,0.01428571428571
1058,0.01468253968254
1059,0.01428571428571
1060,0.01388888888889
1061,0.01428571428571
1062,0.01428571428571
1063,0.01428571428571
1064,0.01428571428571
1065,0.01468253968254
1066,0.01428571428571
1067,0.01388888888889
1068,0.01388888888889
1069,0.01388888888889
1070,0.01428571428571
1071,0.01428571428571
1072,0.01547619047619
1073,0.01428571428571
1074,0.01388888888889
1075,0.01388888888889
1076,0.01388888888889
1077,0.01388888888889
1078,0.01388888888889
1079,0.01389350793651
1080,0.01388888888889
1081,0.01388888888889
1082,0.01388888888889
1083,0.01388888888889
1084,0.01388888888889
1085,0.01428571428571
1086,0.01388888888889
1087,0.01388888888889
1088,0.01388888888889
1089,0.01428571428571
1090,0.01428571428571
1091,0.01507474603175
1092,0.01428571428571
1093,0.01388888888889
1094,0.01388888888889
1095,0.01388888888889
1096,0.01428571428571
1097,0.01428571428571
1098,0.01547619047619
1099,0.01428571428571
1100,0.01388888888889
1101,0.01388888888889
1102,0.01428571428571
1103,0.01428571428571
1104,0.01428571428571
1105,0.01507936507937
1106,0.01428571428571
1107,0.01388888888889
1108,0.01388888888889
1109,0.01428571428571
1110,0.01428571428571
1111,0.01428571428571
1112,0.01507936507937
1113,0.01428571428571
1114,0.01388888888889
1115,0.01428571428571
1116,0.01428571428571
1117,0.01428571428571
1118,0.01428571428571
1119,0.01468253968254
1120,0.01428571428571
1121,0.01388888888889
1122,0.01428571428571
1123,0.01428571428571
1124,0.01428571428571
1125,0.01428571428571
1126,0.01468253968254
1127,0.01428571428571
1128,0.01388888888889
1129,0.01428571428571
1130,0.01428571428571
1131,0.01428571428571
1132,0.01428571428571
1133,0.01468253968254
1134,0.01428571428571
1135,0.01428571428571
1136,0.01428571428571
1137,0.01428571428571
1138,0.01428571428571
1139,0.01428571428571
1140,0.01482338095238
1141,0.015327
1142,0.01428571428571
1143,0.01428571428571
1144,0.01428571428571
1145,0.01428571428571
1146,0.01595914285714
1147,0.014914
1148,0.015305
1149,0.015844
1150,0.015738
1151,0.016195
1152,0.01515151515152
1153,0.01515151515152
1154,0.01515151515152
1155,0.01515151515152
1156,0.01515151515152
1157,0.01515151515152
1158,0.01515151515152
1159,0.01515151515152
1160,0.01515151515152
1161,0.01515151515152
1162,0.01515151515152
1163,0.01515151515152
1164,0.015
1165,0.015
1166,0.015
1167,0.015
1168,0.015
1169,0.015
1170,0.015
1171,0.015
1172,0.015
1173,0.01515151515152
1174,0.015
1175,0.015
1176,0.015
1177,0.015
1178,0.015
1179,0.015
1180,0.015
1181,0.015
1182,0.015
1183,0.015
1184,0.01458996969697
1185,0.015
1186,0.015
1187,0.015
1188,0.015
1189,0.015
1190,0.015
1191,0.015
1192,0.015
1193,0.01515151515152
1194,0.015
1195,0.015
1196,0.015
1197,0.015
1198,0.015
1199,0.015
1200,0.015
1201,0.015
1202,0.015
1203,0.015
1204,0.01400348484848
1205,0.015
1206,0.015
1207,0.015
1208,0.015
1209,0.015
1210,0.015
1211,0.015
1212,0.015656
1213,0.015
1214,0.007943
1215,0.015
1216,0.015
1217,0.015
1218,0.01539033333333
1219,0.01666666666667
1220,0.01428571428571
1221,0.00880128571429
1222,0.01428571428571
1223,0.01428571428571
1224,0.01500823809524
1225,0.01666666666667
1226,0.01666666666667
1227,0.01428571428571
1228,0.00901528571429
1229,0.01428571428571
1230,0.01428571428571
1231,0.01479423809524
1232,0.01666666666667
1233,0.01388888888889
1234,0.00927077777778
1235,0.01388888888889
1236,0.01388888888889
1237,0.01572922222222
1238,0.01666666666667
1239,0.01388888888889
1240,0.01011544444445
1241,0.01388888888889
1242,0.01388888888889
1243,0.01488455555555
1244,0.01666666666667
1245,0.01388888888889
1246,0.01136911111111
1247,0.01388888888889
1248,0.01388888888889
1249,0.01388888888889
1250,0.01640866666667
1251,0.01388888888889
1252,0.01287277777778
1253,0.01388888888889
1254,0.01388888888889
1255,0.01388888888889
1256,0.014905
1257,0.01388888888889
1258,0.01320344444445
1259,0.01388888888889
1260,0.01388888888889
1261,0.01388888888889
1262,0.01457433333333
1263,0.01388888888889
1264,0.01388888888889
1265,0.01388888888889
1266,0.01388888888889
1267,0.01388888888889
1268,0.01388888888889
1269,0.01403333333333
1270,0.01388888888889
1271,0.01388888888889
1272,0.01388888888889
1273,0.01388888888889
1274,0.01428571428571
1275,0.0161253968254
1276,0.01428571428571
1277,0.01388888888889
1278,0.01388888888889
1279,0.01388888888889
1280,0.01428571428571
1281,0.01428571428571
1282,0.01547619047619
1283,0.01428571428571
1284,0.01388888888889
1285,0.01388888888889
1286,0.01388888888889
1287,0.01428571428571
1288,0.01428571428571
1289,0.01547619047619
1290,0.01428571428571
1291,0.01388888888889
1292,0.01388888888889
1293,0.01427784126984
1294,0.01428571428571
1295,0.01428571428571
1296,0.01508723809524
1297,0.01428571428571
1298,0.01388888888889
1299,0.01388888888889
1300,0.01428571428571
1301,0.01428571428571
1302,0.01428571428571
1303,0.01507936507937
1304,0.01428571428571
1305,0.01388888888889
1306,0.01388888888889
1307,0.01388888888889
1308,0.01428571428571
1309,0.01428571428571
1310,0.01547619047619
1311,0.01428571428571
1312,0.01388888888889
1313,0.01388888888889
1314,0.01428571428571
1315,0.01428571428571
1316,0.01428571428571
1317,0.01507936507937
1318,0.01428571428571
1319,0.01388888888889
1320,0.01428571428571
1321,0.01428571428571
1322,0.01428571428571
1323,0.01428571428571
1324,0.01468253968254
1325,0.01428571428571
1326,0.01428571428571
1327,0.01428571428571
1328,0.01428571428571
1329,0.01428571428571
1330,0.01428571428571
1331,0.01566071428572
1332,0.015882
1333,0.015696
1334,0.01458333333333
1335,0.01458333333333
1336,0.01458333333333
1337,0.01458333333333
1338,0.01458333333333
1339,0.01458333333333
1340,0.016461
1341,0.016352
1342,0.015488
1343,0.016097
1344,0.015984
1345,0.015435
1346,0.01527777777778
1347,0.01527777777778
1348,0.01527777777778
1349,0.01527777777778
1350,0.01527777777778
1351,0.01527777777778
1352,0.01527777777778
1353,0.01527777777778
1354,0.01527777777778
1355,0.01527777777778
1356,0.01527777777778
1357,0.01543144444444
1358,0.01527777777778
1359,0.01527777777778
1360,0.01527777777778
1361,0.01527777777778
1362,0.01527777777778
1363,0.01527777777778
1364,0.01527777777778
1365,0.01515151515152
1366,0.01515151515152
1367,0.01515151515152
1368,0.01527734343434
1369,0.01515151515152
1370,0.01515151515152
1371,0.01515151515152
1372,0.01515151515152
1373,0.01515151515152
1374,0.01515151515152
1375,0.01515151515152
1376,0.01515151515152
1377,0.01515151515152
1378,0.01515151515152
1379,0.01515151515152
1380,0.01515151515152
1381,0.01116715151515
1382,0.0145
1383,0.01515151515152
1384,0.01515151515152
1385,0.01515151515152
1386,0.01515151515152
1387,0.01515151515152
1388,0.01458333333333
1389,0.00786409090909
1390,0.01458333333333
1391,0.01458333333333
1392,0.01458333333333
1393,0.01645966666667
1394,0.01666666666667
1395,0.01666666666667
1396,0.01458333333333
1397,0.01250466666667
1398,0.01458333333333
1399,0.01458333333333
1400,0.01458333333333
1401,0.01458333333333
1402,0.01458333333333
1403,0.016662
1404,0.01458333333333
1405,0.009837
1406,0.014083
1407,0.01458333333333
1408,0.01458333333333
1409,0.01566333333333
1410,0.01388888888889
1411,0.00913111111111
1412,0.01388888888889
1413,0.01388888888889
1414,0.01586888888889
1415,0.01666666666667
1416,0.01388888888889
1417,0.01160777777778
1418,0.01388888888889
1419,0.01388888888889
1420,0.01388888888889
1421,0.01617
1422,0.01388888888889
1423,0.00967344444445
1424,0.01388888888889
1425,0.01388888888889
1426,0.01532655555555
1427,0.01666666666667
1428,0.01388888888889
1429,0.00897611111111
1430,0.01388888888889
1431,0.01388888888889
1432,0.01602388888889
1433,0.01666666666667
1434,0.01388888888889
1435,0.00905377777778
1436,0.01388888888889
1437,0.01388888888889
1438,0.01594622222222
1439,0.01363636363636
1440,0.00857463636364
1441,0.01363636363636
1442,0.01415263636364
1443,0.01666666666667
1444,0.01333333333333
1445,0.009795
1446,0.01333333333333
1447,0.01353833333333
1448,0.01666666666667
1449,0.01333333333333
1450,0.01330333333333
1451,0.01333333333333
1452,0.01333333333333
1453,0.01336333333333
1454,0.01333333333333
1455,0.01333333333333
1456,0.01333333333333
1457,0.01333333333333
1458,0.01333333333333
1459,0.01363636363636
1460,0.01333333333333
1461,0.01333333333333
1462,0.01333333333333
1463,0.01363636363636
1464,0.01363636363636
1465,0.01333333333333
1466,0.01333333333333
1467,0.01333333333333
1468,0.01363636363636
1469,0.01363636363636
1470,0.01333333333333
1471,0.01333333333333
1472,0.01333333333333
1473,0.01363636363636
1474,0.01484848484848
1475,0.01363636363636
1476,0.01333333333333
1477,0.01363636363636
1478,0.01363636363636
1479,0.01363636363636
1480,0.01363636363636
1481,0.01333333333333
1482,0.01333333333333
1483,0.01363636363636
1484,0.01363636363636
1485,0.01454545454545
1486,0.01363636363636
1487,0.01333333333333
1488,0.01363636363636
1489,0.01363636363636
1490,0.01363636363636
1491,0.01363636363636
1492,0.01333333333333
1493,0.01363636363636
1494,0.01363636363636
1495,0.01363636363636
1496,0.01424242424242
1497,0.01363636363636
1498,0.01333333333333
1499,0.01363636363636
1500,0.01363636363636
1501,0.01363636363636
1502,0.01363636363636
1503,0.01333333333333
1504,0.01333333333333
1505,0.01333333333333
1506,0.01363636363636
1507,0.01484848484848
1508,0.01363636363636
1509,0.01333333333333
1510,0.01333333333333
1511,0.01333333333333
1512,0.01333333333333
1513,0.01358263636364
1514,0.01333333333333
1515,0.01333333333333
1516,0.01333333333333
1517,0.01333333333333
1518,0.01363636363636
1519,0.01333333333333
1520,0.01333333333333
1521,0.01333333333333
1522,0.01333333333333
1523,0.01363636363636
1524,0.01333333333333
1525,0.01333333333333
1526,0.01333333333333
1527,0.01333333333333
1528,0.01333333333333
1529,0.01333333333333
1530,0.01333333333333
1531,0.01333333333333
1532,0.01333333333333
1533,0.01363636363636
1534,0.01333333333333
1535,0.01333333333333
1536,0.01333333333333
1537,0.01333333333333
1538,0.01363636363636
1539,0.01333333333333
1540,0.01333333333333
1541,0.01333333333333
1542,0.01333333333333
1543,0.01333333333333
1544,0.01236821212121
1545,0.01333333333333
1546,0.01333333333333
1547,0.01333333333333
1548,0.01333333333333
1549,0.01324466666667
1550,0.01333333333333
1551,0.01333333333333
1552,0.01333333333333
1553,0.01333333333333
1554,0.01333333333333
1555,0.01333333333333
1556,0.01333333333333
1557,0.01333333333333
1558,0.01333333333333
1559,0.011472
1560,0.01333333333333
1561,0.01333333333333
1562,0.014484
1563,0.01333333333333
1564,0.01175
1565,0.01333333333333
1566,0.01333333333333
1567,0.01491666666667
1568,0.01333333333333
1569,0.01323933333333
1570,0.01333333333333
1571,0.01333333333333
1572,0.01342733333333
1573,0.01333333333333
1574,0.01288766666667
1575,0.01333333333333
1576,0.01333333333333
1577,0.013779
1578,0.01333333333333
1579,0.01227
1580,0.01333333333333
1581,0.01333333333333
1582,0.01439666666667
1583,0.01333333333333
1584,0.01300433333333
1585,0.01333333333333
1586,0.01333333333333
1587,0.01366233333333
1588,0.01333333333333
1589,0.01301366666667
1590,0.01333333333333
1591,0.01333333333333
1592,0.013653
1593,0.01333333333333
1594,0.013131
1595,0.01333333333333
1596,0.01333333333333
1597,0.01353566666667
1598,0.01333333333333
1599,0.01333333333333
1600,0.01333333333333
1601,0.01333333333333
1602,0.01333333333333
1603,0.01333333333333
1604,0.01292566666667
1605,0.01333333333333
1606,0.01333333333333
1607,0.013741
1608,0.01333333333333
1609,0.01333333333333
1610,0.01333333333333
1611,0.01333333333333
1612,0.01333333333333
1613,0.01333333333333
1614,0.01083633333333
1615,0.01333333333333
1616,0.01333333333333
1617,0.01583033333333
1618,0.01333333333333
1619,0.00808266666667
1620,0.01333333333333
1621,0.01525066666667
1622,0.01666666666667
1623,0.01333333333333
1624,0.007648
1625,0.01333333333333
1626,0.0125
1627,0.01070466666667
1628,0.0125
1629,0.013314
1630,0.0125
1631,0.0125
1632,0.0125
1633,0.0125
1634,0.0125
1635,0.01212121212121
1636,0.01212121212121
1637,0.01212121212121
1638,0.01212121212121
1639,0.01212121212121
1640,0.01218660606061
1641,0.0125
1642,0.01212121212121
1643,0.01212121212121
1644,0.0125
1645,0.0125
1646,0.01212121212121
1647,0.01212121212121
1648,0.0125
1649,0.0125
1650,0.01212121212121
1651,0.0125
1652,0.0125
1653,0.0125
1654,0.0125
1655,0.0125
1656,0.0125
1657,0.01263260606061
1658,0.0125
1659,0.0125
1660,0.013456
1661,0.014669
1662,0.0125
1663,0.0125
1664,0.0125
1665,0.014969
1666,0.015237
1667,0.015217
1668,0.01333333333333
1669,0.01333333333333
1670,0.01333333333333
1671,0.01363636363636
1672,0.01500463636364
1673,0.01523
1674,0.01388888888889
1675,0.01388888888889
1676,0.01388888888889
1677,0.01388888888889
1678,0.01388888888889
1679,0.01461555555556
1680,0.01579
1681,0.01428571428571
1682,0.01428571428571
1683,0.01428571428571
1684,0.01428571428571
1685,0.01428571428571
1686,0.01428571428571
1687,0.01428571428571
1688,0.01388888888889
1689,0.01428571428571
1690,0.01428571428571
1691,0.01428571428571
1692,0.01428571428571
1693,0.01428571428571
1694,0.01428571428571
1695,0.01388888888889
1696,0.01406326984127
1697,0.01428571428571
1698,0.01428571428571
1699,0.01428571428571
1700,0.01428571428571
1701,0.01428571428571
1702,0.01388888888889
1703,0.01388888888889
1704,0.01388888888889
1705,0.01428571428571
1706,0.01428571428571
1707,0.01428571428571
1708,0.01388888888889
1709,0.01388888888889
1710,0.01388888888889
1711,0.01388888888889
1712,0.01388888888889
1713,0.01388888888889
1714,0.01254361904762
1715,0.01388888888889
1716,0.01388888888889
1717,0.01388888888889
1718,0.01388888888889
1719,0.01388888888889
1720,0.01086855555556
1721,0.01388888888889
1722,0.01388888888889
1723,0.01388888888889
1724,0.01616866666667
1725,0.01388888888889
1726,0.00709577777778
1727,0.01388888888889
1728,0.0125
1729,0.00851411111111
1730,0.0125
1731,0.01494566666667
1732,0.0125
1733,0.01035933333333
1734,0.0125
1735,0.01464066666667
1736,0.01212121212121
1737,0.01212121212121
1738,0.01212121212121
1739,0.01212121212121
1740,0.01212121212121
1741,0.01212121212121
1742,0.01212121212121
1743,0.0125
1744,0.01212121212121
1745,0.01212121212121
1746,0.0125
1747,0.0125
1748,0.01212121212121
1749,0.0125
1750,0.0125
1751,0.0125
1752,0.01212121212121
1753,0.0125
1754,0.0125
1755,0.0125
1756,0.0125
1757,0.0125
1758,0.0125
1759,0.0125
1760,0.0125
1761,0.0125
1762,0.0125
1763,0.0125
1764,0.0125
1765,0.0125
1766,0.0125
1767,0.0125
1768,0.0125
1769,0.0125
1770,0.0125
1771,0.01372533333333
1772,0.0125
1773,0.0125
1774,0.0125
1775,0.014126
1776,0.0125
1777,0.0125
1778,0.0125
1779,0.015216
1780,0.014303
1781,0.01296296296296
1782,0.01296296296296
1783,0.01296296296296
1784,0.01207411111111
1785,0.0125
1786,0.01296296296296
1787,0.01296296296296
1788,0.01296296296296
1789,0.01296296296296
1790,0.0125
1791,0.0125
1792,0.01296296296296
1793,0.01296296296296
1794,0.0125
1795,0.0125
1796,0.01296296296296
1797,0.01342592592593
1798,0.01296296296296
1799,0.0125
1800,0.0125
1801,0.0125
1802,0.0125
1803,0.0125
1804,0.0125
1805,0.0125
1806,0.0125
1807,0.0125
1808,0.0125
1809,0.0125
1810,0.0125
1811,0.0125
1812,0.0125
1813,0.0125
1814,0.0125
1815,0.01195803703704
1816,0.0125
1817,0.012579
1818,0.0125
1819,0.0125
1820,0.0125
1821,0.0125
1822,0.0125
1823,0.01185
1824,0.0125
1825,0.01315
1826,0.0125
1827,0.010356
1828,0.0125
1829,0.014644
1830,0.0125
1831,0.009035
1832,0.0125
1833,0.015965
1834,0.0125
1835,0.008382
1836,0.0125
1837,0.01212121212121
1838,0.00943378787879
1839,0.01212121212121
1840,0.01627512121212
1841,0.01212121212121
1842,0.01131645454546
1843,0.01212121212121
1844,0.01444112121212
1845,0.01212121212121
1846,0.00905145454546
1847,0.01216066666667
1848,0.01212121212121
1849,0.01150112121212
1850,0.01212121212121
1851,0.01425645454545
1852,0.01212121212121
1853,0.01052812121212
1854,0.01212121212121
1855,0.01522945454545
1856,0.01212121212121
1857,0.00898012121212
1858,0.012232
1859,0.01212121212121
1860,0.00953478787879
1861,0.01212121212121
1862,0.01622278787879
1863,0.01212121212121
1864,0.00874278787879
1865,0.01246933333333
1866,0.01190476190476
1867,0.01050490476191
1868,0.01190476190476
1869,0.01166666666667
1870,0.00961757142857
1871,0.01166666666667
1872,0.016068
1873,0.01166666666667
1874,0.00777166666667
1875,0.013895
1876,0.01166666666667
1877,0.00914333333333
1878,0.01252333333333
1879,0.01166666666667
1880,0.008568
1881,0.01309866666667
1882,0.01111111111111
1883,0.01057522222222
1884,0.011647
1885,0.01111111111111
1886,0.00965488888889
1887,0.01256733333333
1888,0.01111111111111
1889,0.00839455555556
1890,0.01382766666667
1891,0.01111111111111
1892,0.00776522222222
1893,0.01060606060606
1894,0.00763093939394
1895,0.01288666666667
1896,0.01060606060606
1897,0.00977227272727
1898,0.012955
1899,0.01060606060606
1900,0.00894593939394
1901,0.01378133333333
1902,0.01060606060606
1903,0.00863660606061
1904,0.01060606060606
1905,0.00848993939394
1906,0.01166133333333
1907,0.01060606060606
1908,0.00988460606061
1909,0.01284266666667
1910,0.01060606060606
1911,0.00927827272727
1912,0.013449
1913,0.01060606060606
1914,0.00933093939394
1915,0.01060606060606
1916,0.00923293939394
1917,0.01060606060606
1918,0.01060606060606
1919,0.01060606060606
1920,0.01173915151515
1921,0.01060606060606
1922,0.01060606060606
1923,0.01212121212121
1924,0.01060606060606
1925,0.00998727272727
1926,0.01060606060606
1927,0.00783693939394
1928,0.01096366666667
1929,0.01060606060606
1930,0.00521727272727
1931,0.003386
1932,0.002756
1933,0.00555555555556
1934,0.00581244444444
1935,0.00625
1936,0.01041666666667
1937,0.00666666666667
1938,0.00625
1939,0.00666666666667
1940,0.00666666666667
1941,0.00708333333333
1942,0.00666666666667
1943,0.00666666666667
1944,0.007671
1945,0.008077
1946,0.008538
1947,0.008154
1948,0.009161
1949,0.007791
1950,0.008363
1951,0.008187
1952,0.008489
1953,0.008148
1954,0.008748
1955,0.00833333333333
1956,0.00833333333333
1957,0.00845833333333
1958,0.00833333333333
1959,0.00833333333333
1960,0.00839433333333
1961,0.00833333333333
1962,0.00833333333333
1963,0.00852633333333
1964,0.00833333333333
1965,0.00833333333333
1966,0.00833333333333
1967,0.00833333333333
1968,0.00833333333333
1969,0.00833333333333
1970,0.00833333333333
1971,0.00833333333333
1972,0.00833333333333
1973,0.00833333333333
1974,0.00833333333333
1975,0.00833333333333
1976,0.00833333333333
1977,0.00833333333333
1978,0.00833333333333
1979,0.00833333333333
1980,0.00833333333333
1981,0.00833333333333
1982,0.00833333333333
1983,0.00833333333333
1984,0.00833333333333
1985,0.00833333333333
1986,0.00833333333333
1987,0.00833333333333
1988,0.00833333333333
1989,0.00833333333333
1990,0.00833333333333
1991,0.00833333333333
1992,0.00833333333333
1993,0.00833333333333
1994,0.00833333333333
1995,0.00833333333333
1996,0.00833333333333
1997,0.00833333333333
1998,0.00833333333333
1999,0.00833333333333
