1221
387
111
46
33
14
23
19
9
22
21
7
38
5
8
8
9
8
9
8
8
8
9
8
8
9
8
8
9
8
8
9
8
9
9
8
8
8
8
9
8
9
8
8
9
8
8
9
8
9
8
8
8
9
8
9
8
8
9
8
9
8
9
8
9
8
9
8
8
9
8
8
10
7
9
8
8
8
9
8
8
9
8
8
9
8
8
9
8
9
8
8
9
8
9
8
9
8
8
9
8
9
8
9
8
9
8
9
8
9
8
9
8
8
10
10
9
15
9
17
8
7
8
8
8
8
8
8
9
8
8
8
9
8
8
9
8
8
8
9
8
9
8
8
8
9
8
8
9
8
9
7
9
8
8
8
9
8
8
9
8
9
9
8
8
9
8
8
8
8
9
8
8
9
9
8
8
9
9
9
8
9
9
8
14
9
21
9
27
9
16
15
8
14
8
15
9
9
9
14
9
9
10
10
16
10
32
13
25
10
35
9
47
12
36
16
34
25
29
20
37
18
33
25
38
17
34
8
31
17
31
11
44
9
48
15
36
27
33
26
32
25
24
24
27
25
23
30
16
27
14
28
15
20
12
8
12
7
8
9
9
9
8
8
8
9
8
8
9
7
10
8
8
8
8
9
8
8
9
8
8
8
9
8
8
9
8
9
8
8
8
9
8
9
8
9
8
8
8
9
8
8
9
8
9
8
9
8
8
9
8
8
9
8
8
9
8
8
9
8
9
8
8
10
8
8
8
9
8
8
8
10
7
9
7
9
9
8
8
9
8
8
9
8
8
8
9
8
9
8
9
8
9
8
9
9
9
9
9
9
15
10
18
10
16
15
9
15
15
9
8
14
8
8
8
7
8
8
9
8
8
9
8
8
8
9
8
9
8
8
9
8
8
8
9
8
9
8
8
8
9
8
9
8
8
9
8
9
8
8
9
8
9
8
8
9
8
9
8
8
9
8
8
8
8
9
8
8
9
8
9
8
8
8
9
8
9
8
9
7
9
8
8
9
8
9
8
8
8
9
8
8
9
9
8
8
9
8
8
8
9
8
9
9
9
9
8
8
8
8
9
9
8
9
8
8
8
9
9
9
8
9
8
9
8
9
15
9
18
9
15
8
9
19
8
15
8
16
9
9
