0,0.14813233333333
1,0.11853433333333
2,0.13333333333333
3,0.13333333333333
4,0.13333333333333
5,0.13622233333333
6,0.13044433333333
7,0.13527333333333
8,0.13139333333333
9,0.14795833333333
10,0.135375
11,0.119116
12,0.145588
13,0.13163466666667
14,0.120328
15,0.13829133333333
16,0.13367866666667
17,0.12809633333333
18,0.133267
19,0.14350366666667
20,0.13982966666667
21,0.12980033333333
22,0.12019966666667
23,0.138378
24,0.12828866666667
25,0.13333333333333
26,0.13593633333333
27,0.147397
28,0.13333333333333
29,0.11666666666667
30,0.13333333333333
31,0.138692
32,0.12971333333333
33,0.13159466666667
34,0.13753066666667
35,0.14580266666667
36,0.123062
37,0.126938
38,0.13950566666667
39,0.13015466666667
40,0.13033966666667
41,0.13333333333333
42,0.14267966666667
43,0.123987
44,0.13902366666667
45,0.13652933333333
46,0.138974
47,0.13542233333333
48,0.120698
49,0.130751
50,0.13611111111111
51,0.12915722222222
52,0.13666666666667
53,0.13666666666667
54,0.14333333333333
55,0.13333333333333
56,0.12894766666667
57,0.13333333333333
58,0.137719
59,0.11666666666667
60,0.134134
61,0.13611666666667
62,0.12974933333333
63,0.13333333333333
64,0.14212333333333
65,0.14121
66,0.12500733333333
67,0.12499266666667
68,0.13333333333333
69,0.13333333333333
70,0.133794
71,0.139951
72,0.13802366666667
73,0.130401
74,0.124497
75,0.13333333333333
76,0.13462233333333
77,0.138042
78,0.139974
79,0.12404733333333
80,0.143083
81,0.12023133333333
82,0.13334433333333
83,0.13494033333333
84,0.13171533333333
85,0.13641166666667
86,0.133801
87,0.141973
88,0.12114766666667
89,0.138455
90,0.13335533333333
91,0.135854
92,0.13310333333333
93,0.13533866666667
94,0.13907566666667
95,0.12644933333333
96,0.13789566666667
97,0.13333333333333
98,0.13371833333333
99,0.13675466666667
100,0.13333333333333
101,0.12374833333333
102,0.13753766666667
103,0.13838533333333
104,0.11699533333333
105,0.137144
106,0.12952266666667
107,0.13333333333333
108,0.13476033333333
109,0.14007
110,0.13750833333333
111,0.13766133333333
112,0.12598733333333
113,0.12401266666667
114,0.13333333333333
115,0.13842033333333
116,0.12824633333333
117,0.14166666666667
118,0.14166666666667
119,0.12120133333333
120,0.12897633333333
121,0.13315566666667
122,0.13333333333333
123,0.13469633333333
124,0.13197033333333
125,0.14564233333333
126,0.134957
127,0.11940066666667
128,0.13333333333333
129,0.14058966666667
130,0.14266733333333
131,0.11775533333333
132,0.13965933333333
133,0.1375
134,0.13681533333333
135,0.135013
136,0.12046066666667
137,0.12953933333333
138,0.13333333333333
139,0.13808566666667
140,0.13197166666667
141,0.14660933333333
142,0.13333333333333
143,0.12083333333333
144,0.13817666666667
145,0.13726533333333
146,0.12039133333333
147,0.13804533333333
148,0.145288
149,0.12487066666667
150,0.12512933333333
151,0.13659333333333
152,0.13007333333333
153,0.134394
154,0.138032
155,0.14424066666667
156,0.13333333333333
157,0.120321
158,0.129679
159,0.13764733333333
160,0.12901933333333
161,0.13333333333333
162,0.14166666666667
163,0.14166666666667
164,0.12577666666667
165,0.12759333333333
166,0.12996333333333
167,0.14028066666667
168,0.139599
169,0.12278433333333
170,0.13926233333333
171,0.134313
172,0.12376066666667
173,0.13333333333333
174,0.13333333333333
175,0.13333333333333
176,0.13333333333333
177,0.137775
178,0.13888888888889
179,0.13666666666667
180,0.13611111111111
181,0.13325733333333
182,0.120515
183,0.13011933333333
184,0.14093133333333
185,0.137627
186,0.13810833333333
187,0.125607
188,0.1375
189,0.13666666666667
190,0.13113566666667
191,0.12050966666667
192,0.13399233333333
193,0.147922
194,0.12638533333333
195,0.12572266666667
196,0.13316333333333
197,0.13173133333333
198,0.13299733333333
199,0.13333333333333
200,0.15
201,0.12741566666667
202,0.12258433333333
203,0.13333333333333
204,0.14037366666667
205,0.126293
206,0.13400633333333
207,0.14166666666667
208,0.14099366666667
209,0.13333333333333
210,0.12263733333333
211,0.12736266666667
212,0.13333333333333
213,0.13895266666667
214,0.127714
215,0.15
216,0.13143
217,0.11857
218,0.13964566666667
219,0.127021
220,0.13333333333333
221,0.13333333333333
222,0.13333333333333
223,0.14166666666667
224,0.136436
225,0.125
226,0.131105
227,0.13317833333333
228,0.13597066666667
229,0.12997666666667
230,0.13333333333333
231,0.14058233333333
232,0.136907
233,0.12448033333333
234,0.141366
235,0.13999766666667
236,0.12239533333333
237,0.12760466666667
238,0.14704533333333
239,0.136288
240,0.13333333333333
241,0.11666666666667
242,0.13333333333333
243,0.13465166666667
244,0.140299
245,0.13426866666667
246,0.14078066666667
247,0.11666666666667
248,0.13333333333333
249,0.13333333333333
250,0.13907766666667
251,0.143018
252,0.12341433333333
253,0.13877666666667
254,0.13291
255,0.12565066666667
256,0.13572933333333
257,0.13064233333333
258,0.13143533333333
259,0.140821
260,0.14141833333333
261,0.13148833333333
262,0.12413966666667
263,0.131094
264,0.13038433333333
265,0.13333333333333
266,0.13333333333333
267,0.139404
268,0.1375
269,0.13333333333333
270,0.133131
271,0.13049133333333
272,0.13323333333333
273,0.13715066666667
274,0.13392566666667
275,0.12222222222222
276,0.14482644444444
277,0.136716
278,0.12055533333333
279,0.135555
280,0.13989833333333
281,0.12205733333333
282,0.13688733333333
283,0.144192
284,0.13558733333333
285,0.12062366666667
286,0.13417466666667
287,0.13109033333333
288,0.135431
289,0.12868033333333
290,0.14166666666667
291,0.139835
292,0.123733
293,0.12809866666667
294,0.13704633333333
295,0.12962033333333
296,0.13333333333333
297,0.13333333333333
298,0.15
299,0.12910166666667
300,0.12089833333333
301,0.13333333333333
302,0.13745366666667
303,0.136957
304,0.139412
305,0.135443
306,0.13075833333333
307,0.119976
308,0.139894
309,0.129845
310,0.13443266666667
311,0.12916166666667
312,0.13544566666667
313,0.13152566666667
314,0.13419966666667
315,0.145567
316,0.13081433333333
317,0.13588033333333
318,0.122057
319,0.13633566666667
320,0.132749
321,0.13333333333333
322,0.13333333333333
323,0.13333333333333
324,0.13636333333333
325,0.14138933333333
326,0.11905066666667
327,0.13195566666667
328,0.15
329,0.13286233333333
330,0.11713766666667
331,0.133357
332,0.13330966666667
333,0.13822966666667
334,0.136301
335,0.12546933333333
336,0.15
337,0.121619
338,0.13110133333333
339,0.130613
340,0.139056
341,0.139492
342,0.135836
343,0.135616
344,0.13333333333333
345,0.11666666666667
346,0.13333333333333
347,0.13376766666667
348,0.138151
349,0.12808133333333
350,0.149284
351,0.13404933333333
352,0.124918
353,0.12689333333333
354,0.137691
355,0.12716433333333
356,0.13714066666667
357,0.129526
358,0.14816066666667
359,0.13287166666667
360,0.12717433333333
361,0.13571428571429
362,0.13484704761905
363,0.126316
364,0.13858766666667
365,0.130929
366,0.13333333333333
367,0.13333333333333
368,0.13681066666667
369,0.12316233333333
370,0.14204833333333
371,0.123378
372,0.13899966666667
373,0.143399
374,0.134268
375,0.11666666666667
376,0.13738933333334
377,0.12927733333333
378,0.13333333333333
379,0.140215
380,0.140018
381,0.13643366666666
382,0.12576266666667
383,0.13106933333333
384,0.12650133333333
385,0.140642
386,0.142415
387,0.11973033333333
388,0.14721266666666
389,0.132492
390,0.117508
391,0.13333333333333
392,0.139684
393,0.12698266666666
394,0.13333333333333
395,0.1375
396,0.14583333333333
397,0.11917966666667
398,0.13082033333333
399,0.13333333333333
400,0.13333333333333
401,0.13835866666667
402,0.128308
403,0.15
404,0.12237433333334
405,0.13838766666667
406,0.13342533333333
407,0.131745
408,0.12971833333333
409,0.13406866666667
410,0.12694733333333
411,0.13650833333334
412,0.141143
413,0.138869
414,0.12788233333333
415,0.13206833333333
416,0.13213566666667
417,0.13926966666667
418,0.12858966666667
419,0.14020066666666
420,0.11666666666667
421,0.13333333333333
422,0.140645
423,0.12681633333333
424,0.13253866666666
425,0.146879
426,0.12813733333333
427,0.138704
428,0.119613
429,0.141583
430,0.12966433333333
431,0.12875266666666
432,0.13404666666667
433,0.143349
434,0.139271
435,0.12290833333334
436,0.12778933333333
437,0.14056866666667
438,0.13130133333333
439,0.12743233333333
440,0.14867733333334
441,0.12913566666667
442,0.123665
443,0.13185533333333
444,0.13980933333334
445,0.13155066666667
446,0.12925766666667
447,0.13703
448,0.14568566666666
449,0.132528
450,0.13222366666667
451,0.13155233333333
452,0.12252333333333
453,0.133015
454,0.131491
455,0.136619
456,0.13568366666667
457,0.143049
458,0.132992
459,0.12660033333333
460,0.14172266666666
461,0.13333333333333
462,0.13333333333333
463,0.12394966666667
464,0.142717
465,0.11666666666667
466,0.13333333333333
467,0.13509466666667
468,0.131572
469,0.13333333333333
470,0.13333333333333
471,0.14697166666667
472,0.13037633333333
473,0.122652
474,0.141493
475,0.13170133333333
476,0.13099933333333
477,0.136006
478,0.13119733333333
479,0.14526966666666
480,0.11898033333334
481,0.13101966666666
482,0.13333333333333
483,0.137245
484,0.138191
485,0.12618833333333
486,0.14837566666666
487,0.13205866666667
488,0.11794133333333
489,0.13333333333333
490,0.137427
491,0.14041633333333
492,0.12215666666666
493,0.138424
494,0.13888888888889
495,0.13412344444444
496,0.13249833333333
497,0.12473033333333
498,0.131335
499,0.13333333333333
500,0.13333333333333
501,0.13333333333333
502,0.14053033333334
503,0.133668
504,0.13071833333333
505,0.13378533333333
506,0.13989766666667
507,0.13333333333333
508,0.13333333333333
509,0.138067
510,0.13114166666667
511,0.11885833333333
512,0.13333333333333
513,0.135123
514,0.138961
515,0.141436
516,0.131148
517,0.13134833333333
518,0.12325166666667
519,0.13206533333333
520,0.13333333333333
521,0.13433433333334
522,0.132978
523,0.1375
524,0.14518766666666
525,0.13104366666667
526,0.11895633333333
527,0.13333333333333
528,0.13364266666667
529,0.133024
530,0.13633766666667
531,0.14089266666667
532,0.12497866666667
533,0.137117
534,0.133894
535,0.12678
536,0.13783766666667
537,0.128829
538,0.14087466666667
539,0.13333333333333
540,0.13188866666667
541,0.12863166666667
542,0.13359733333333
543,0.13167433333333
544,0.13333333333333
545,0.13333333333333
546,0.140813
547,0.13371133333333
548,0.13965
549,0.12604933333333
550,0.13048433333333
551,0.14405533333333
552,0.11857
553,0.13821266666667
554,0.14512066666666
555,0.12818266666667
556,0.12181733333333
557,0.14101033333334
558,0.12800833333333
559,0.13098133333333
560,0.13333333333333
561,0.14748566666667
562,0.13386933333333
563,0.118645
564,0.13333333333333
565,0.139294
566,0.12737266666666
567,0.13888466666667
568,0.12916666666667
569,0.14199466666667
570,0.131584
571,0.12503666666666
572,0.13333333333333
573,0.139403
574,0.12872133333333
575,0.140972
576,0.14090366666666
577,0.12679433333334
578,0.12320566666666
579,0.13333333333333
580,0.14091466666667
581,0.13101766666667
582,0.13210733333333
583,0.13434133333333
584,0.131739
585,0.13234366666667
586,0.13651366666667
587,0.13333333333333
588,0.13581833333333
589,0.13761766666667
590,0.12503133333333
591,0.13046366666667
592,0.147052
593,0.12405033333333
594,0.12769233333333
595,0.143199
596,0.140098
597,0.125086
598,0.12570133333333
599,0.14170866666667
600,0.14083733333333
601,0.13211433333334
602,0.11788566666666
603,0.13333333333333
604,0.13452633333334
605,0.13214033333333
606,0.13333333333333
607,0.14854566666667
608,0.120306
609,0.135031
610,0.12945066666666
611,0.139142
612,0.139185
613,0.12539733333333
614,0.14609566666667
615,0.13351333333333
616,0.12891733333334
617,0.12166266666667
618,0.13275333333333
619,0.13893
620,0.12773666666666
621,0.14698166666667
622,0.13301433333333
623,0.120004
624,0.139389
625,0.129102
626,0.13689966666667
627,0.13506633333333
628,0.13333333333333
629,0.13333333333333
630,0.13188333333333
631,0.12903233333333
632,0.144756
633,0.122382
634,0.139667
635,0.12956666666667
636,0.13695033333333
637,0.13577466666667
638,0.134201
639,0.12320433333333
640,0.13888888888889
641,0.13586411111111
642,0.13130833333333
643,0.126064
644,0.14395733333334
645,0.13414733333333
646,0.12655066666667
647,0.13230066666667
648,0.13184233333333
649,0.136676
650,0.12794433333333
651,0.133248
652,0.15
653,0.12294066666667
654,0.12705933333333
655,0.13464266666667
656,0.139235
657,0.137784
658,0.134668
659,0.13482533333333
660,0.13551166666666
661,0.131098
662,0.118902
663,0.13333333333333
664,0.13333333333333
665,0.13567366666667
666,0.14623566666667
667,0.13219533333333
668,0.11922866666666
669,0.13333333333333
670,0.13837266666667
671,0.12997066666667
672,0.13496033333333
673,0.14124166666667
674,0.125
675,0.133672
676,0.143785
677,0.13333333333333
678,0.129292
679,0.13780066666667
680,0.12331833333333
681,0.12925333333333
682,0.13699133333334
683,0.136723
684,0.12638533333333
685,0.137338
686,0.14589566666666
687,0.12269933333334
688,0.12912633333333
689,0.14297166666667
690,0.138536
691,0.11998633333334
692,0.13001366666666
693,0.13333333333333
694,0.14026333333334
695,0.12640333333333
696,0.13988033333334
697,0.138281
698,0.122479
699,0.132693
700,0.140657
701,0.12600966666666
702,0.13565366666667
703,0.13212766666667
704,0.14888533333333
705,0.13333333333333
706,0.11750866666667
707,0.13249133333333
708,0.13333333333333
709,0.13333333333333
710,0.13333333333333
711,0.15
712,0.13333333333333
713,0.124009
714,0.125991
715,0.13333333333333
716,0.14003533333334
717,0.14138433333333
718,0.125656
719,0.136763
720,0.12474433333333
721,0.13689366666667
722,0.13738633333333
723,0.13176533333333
724,0.13323766666667
725,0.13060666666667
726,0.1375
727,0.13713333333333
728,0.134085
729,0.12276333333333
730,0.13333333333333
731,0.14671233333333
732,0.126168
733,0.12872533333333
734,0.14056366666667
735,0.134927
736,0.119616
737,0.13333333333333
738,0.13657433333334
739,0.13009233333333
740,0.133573
741,0.14166666666667
742,0.13740133333333
743,0.128985
744,0.12880533333333
745,0.12956866666666
746,0.13440566666667
747,0.139745
748,0.137634
749,0.13237533333333
750,0.13917333333333
751,0.121307
752,0.131506
753,0.13052033333333
754,0.13919433333334
755,0.142134
756,0.12563733333333
757,0.14259533333333
758,0.11710566666666
759,0.13333333333333
760,0.13937666666667
761,0.13125366666667
762,0.12936966666666
763,0.13973166666667
764,0.14360166666666
765,0.11666666666667
766,0.13333333333333
767,0.139702
768,0.133055
769,0.13083133333333
770,0.13506866666667
771,0.12800966666666
772,0.133935
773,0.143054
774,0.12721933333333
775,0.139617
776,0.13324533333333
777,0.12875766666667
778,0.12914933333333
779,0.131689
780,0.15
781,0.11846966666667
782,0.13153033333333
783,0.13333333333333
784,0.13333333333333
785,0.13345133333334
786,0.138691
787,0.14452433333333
788,0.13308766666667
789,0.11691233333333
790,0.13553266666667
791,0.131134
792,0.13890233333334
793,0.12776433333333
794,0.139752
795,0.13675133333333
796,0.12349666666666
797,0.13333333333333
798,0.13333333333333
799,0.13333333333333
800,0.13782433333334
801,0.13333333333333
802,0.145509
803,0.11666666666667
804,0.13466566666667
805,0.13461233333333
806,0.13178966666667
807,0.13226566666666
808,0.13333333333333
809,0.143478
810,0.13888888888889
811,0.13429977777777
812,0.13333333333333
813,0.129595
814,0.121106
815,0.13263233333333
816,0.13924366666667
817,0.13270966666667
818,0.139576
819,0.131918
820,0.134074
821,0.13914533333333
822,0.13333333333333
823,0.12483466666667
824,0.13617266666667
825,0.13899266666666
826,0.11666666666667
827,0.13333333333333
828,0.137964
829,0.12870266666666
830,0.13333333333333
831,0.13496333333334
832,0.14837
833,0.13333333333333
834,0.13063433333334
835,0.12141266666667
836,0.13128633333333
837,0.138489
838,0.12817766666666
839,0.14166666666667
840,0.13810566666667
841,0.12022766666666
842,0.13333333333333
843,0.13333333333333
844,0.13672666666667
845,0.142356
846,0.12336133333333
847,0.147556
848,0.13327333333334
849,0.11672666666666
850,0.13530633333334
851,0.13136033333333
852,0.13440466666667
853,0.136917
854,0.142178
855,0.11983366666666
856,0.137862
857,0.13003933333333
858,0.137055
859,0.13068433333333
860,0.13601966666667
861,0.13204866666667
862,0.12962433333333
863,0.14936066666667
864,0.12889466666667
865,0.12592933333333
866,0.14581533333333
867,0.126055
868,0.13242466666667
869,0.12928666666667
870,0.145567
871,0.11886866666667
872,0.13113133333333
873,0.13333333333333
874,0.138225
875,0.138209
876,0.136455
877,0.135959
878,0.13448533333333
879,0.13146933333334
880,0.11853066666666
881,0.13333333333333
882,0.13850233333334
883,0.12816433333333
884,0.13739633333334
885,0.143459
886,0.127829
887,0.124649
888,0.13350633333334
889,0.13316033333333
890,0.13333333333333
891,0.13333333333333
892,0.15
893,0.13036233333334
894,0.11963766666666
895,0.13638333333334
896,0.13028333333333
897,0.13333333333333
898,0.13333333333333
899,0.15
900,0.13333333333333
901,0.13333333333333
902,0.13201533333334
903,0.13465133333333
904,0.12921566666667
905,0.13677166666667
906,0.13290566666667
907,0.12685333333333
908,0.13847866666667
909,0.13333333333333
910,0.13333333333333
911,0.12222222222222
912,0.14688611111111
913,0.13333333333333
914,0.13153666666667
915,0.13026166666667
916,0.137175
917,0.12258966666667
918,0.128437
919,0.13744933333334
920,0.140335
921,0.136274
922,0.13594166666666
923,0.13333333333333
924,0.12091066666667
925,0.12908933333333
926,0.13339
927,0.137561
928,0.13104033333333
929,0.14166666666667
930,0.13833033333333
931,0.132824
932,0.118521
933,0.13333333333333
934,0.13661133333334
935,0.138384
936,0.135847
937,0.132697
938,0.135586
939,0.12640966666667
940,0.12779833333333
941,0.13366433333334
942,0.13478833333333
943,0.135523
944,0.14494
945,0.11986766666667
946,0.13611111111111
947,0.13507722222222
948,0.12930733333333
949,0.13213733333333
950,0.13651866666667
951,0.13176766666667
952,0.13029733333333
953,0.14095433333334
954,0.134111
955,0.12561733333333
956,0.139784
957,0.14286666666666
958,0.12292033333334
959,0.12870233333333
960,0.14743766666667
961,0.12926933333333
962,0.12307466666667
963,0.131929
964,0.140134
965,0.12954433333333
966,0.137232
967,0.138319
968,0.138104
969,0.124366
970,0.130694
971,0.12827333333333
972,0.13738666666667
973,0.141275
974,0.12419233333333
975,0.14713266666667
976,0.13334666666666
977,0.13333333333333
978,0.11930633333334
979,0.13379633333333
980,0.13023066666666
981,0.13462166666667
982,0.14871166666666
983,0.13238966666667
984,0.11761033333333
985,0.13333333333333
986,0.13333333333333
987,0.13333333333333
988,0.13333333333333
989,0.13333333333333
990,0.14333333333333
991,0.136117
992,0.13622933333333
993,0.13033333333333
994,0.12766
995,0.12757933333333
996,0.13326266666667
997,0.13215166666666
998,0.138674
999,0.139232
1000,0.12499933333333
1001,0.134691
1002,0.14291133333333
1003,0.11949233333333
1004,0.13333333333333
1005,0.14595833333334
1006,0.137375
1007,0.13076566666667
1008,0.12704866666667
1009,0.12947533333333
1010,0.129377
1011,0.13333333333333
1012,0.14166666666667
1013,0.14166666666667
1014,0.127266
1015,0.12576533333333
1016,0.130302
1017,0.13333333333333
1018,0.13755966666667
1019,0.135026
1020,0.144081
1021,0.13333333333333
1022,0.13213933333334
1023,0.11786066666666
1024,0.13687333333334
1025,0.134835
1026,0.139066
1027,0.136709
1028,0.13339833333333
1029,0.11911833333333
1030,0.13333333333333
1031,0.140234
1032,0.12643266666666
1033,0.13390833333334
1034,0.13605266666667
1035,0.130039
1036,0.13726
1037,0.141072
1038,0.12907933333333
1039,0.13356633333333
1040,0.13176466666667
1041,0.12918966666667
1042,0.1375
1043,0.13241333333333
1044,0.138918
1045,0.138369
1046,0.131301
1047,0.13135666666667
1048,0.12154333333333
1049,0.14061533333334
1050,0.13646666666667
1051,0.13579933333333
1052,0.120452
1053,0.13333333333333
1054,0.13333333333333
1055,0.13689533333334
1056,0.136504
1057,0.12660066666666
1058,0.15
1059,0.12859866666667
1060,0.12261233333333
1061,0.132802
1062,0.138412
1063,0.138365
1064,0.133182
1065,0.13936133333333
1066,0.12900266666667
1067,0.12544466666667
1068,0.13288666666667
1069,0.12976133333333
1070,0.138077
1071,0.135449
1072,0.13520333333333
1073,0.140842
1074,0.12467833333334
1075,0.12532166666666
1076,0.13333333333333
1077,0.13333333333333
1078,0.136413
1079,0.13762966666667
1080,0.142624
1081,0.13333333333333
1082,0.12830833333334
1083,0.13333333333333
1084,0.131897
1085,0.12878633333333
1086,0.13433466666667
1087,0.12667366666666
1088,0.14980566666667
1089,0.13102266666667
1090,0.12367333333333
1091,0.135767
1092,0.14191233333333
1093,0.128468
1094,0.12442233333333
1095,0.14659933333333
1096,0.13056333333333
1097,0.12109933333333
1098,0.13333333333333
1099,0.13336166666667
1100,0.136944
1101,0.12969433333333
1102,0.14053533333334
1103,0.142798
1104,0.13333333333333
1105,0.11666666666667
1106,0.13333333333333
1107,0.13975366666667
1108,0.141163
1109,0.12189733333333
1110,0.145317
1111,0.13460233333333
1112,0.118439
1113,0.13216099999999
1114,0.13333333333333
1115,0.13333333333333
1116,0.13842966666667
1117,0.13377
1118,0.13957533333333
1119,0.12155833333333
1120,0.14102566666667
1121,0.12564099999999
1122,0.13864766666667
1123,0.13580633333333
1124,0.12554599999999
1125,0.14289133333334
1126,0.13333333333333
1127,0.13333333333333
1128,0.13333333333333
1129,0.13226966666667
1130,0.13119833333333
1131,0.13319566666667
1132,0.12711166666666
1133,0.14945266666667
1134,0.13124766666667
1135,0.12358133333333
1136,0.136863
1137,0.13293333333333
1138,0.135631
1139,0.12755933333333
1140,0.12939833333333
1141,0.15
1142,0.13333333333333
1143,0.12204300000001
1144,0.12795699999999
1145,0.13961900000001
1146,0.141953
1147,0.12309733333333
1148,0.14533066666666
1149,0.13333333333333
1150,0.13333333333333
1151,0.11801966666667
1152,0.13198033333333
1153,0.13657000000001
1154,0.137219
1155,0.138828
1156,0.13738299999999
1157,0.12412333333334
1158,0.12587666666666
1159,0.13333333333333
1160,0.13442500000001
1161,0.139138
1162,0.141813
1163,0.133517
1164,0.124022
1165,0.12885133333333
1166,0.13156699999999
1167,0.13333333333333
1168,0.13502800000001
1169,0.131892
1170,0.14974666666666
1171,0.13333333333333
1172,0.13331666666667
1173,0.12834933333333
1174,0.136745
1175,0.122275
1176,0.13645066666667
1177,0.14100666666667
1178,0.125
1179,0.14218433333333
1180,0.11995833333333
1181,0.136588
1182,0.144083
1183,0.13404299999999
1184,0.12269833333334
1185,0.14053066666667
1186,0.13677099999999
1187,0.11666666666667
1188,0.13333333333333
1189,0.13333333333333
1190,0.13770233333334
1191,0.139035
1192,0.136904
1193,0.12982166666667
1194,0.139392
1195,0.11960066666667
1196,0.13087766666666
1197,0.13784600000001
1198,0.137772
1199,0.133995
1200,0.1375
1201,0.13622033333333
1202,0.12120366666667
1203,0.12879633333333
1204,0.13333333333333
1205,0.13333333333333
1206,0.13799500000001
1207,0.138459
1208,0.13276766666667
1209,0.1261
1210,0.13257133333333
1211,0.13210699999999
1212,0.13763700000001
1213,0.14003333333333
1214,0.12267233333333
1215,0.14429033333333
1216,0.13870033333333
1217,0.13333333333333
1218,0.13333333333333
1219,0.12240000000001
1220,0.13274633333333
1221,0.13571666666667
1222,0.13307766666667
1223,0.13123066666667
1224,0.13853
1225,0.130823
1226,0.136692
1227,0.13040333333333
1228,0.13468533333333
1229,0.13122133333333
1230,0.13024866666667
1231,0.14555833333333
1232,0.12066900000001
1233,0.13451533333333
1234,0.135352
1235,0.12613033333333
1236,0.13333333333333
1237,0.13417766666667
1238,0.14210866666667
1239,0.14038033333333
1240,0.12551533333334
1241,0.12448466666666
1242,0.13333333333333
1243,0.13694933333334
1244,0.137801
1245,0.12524966666666
1246,0.15
1247,0.12762933333334
1248,0.12237066666666
1249,0.13333333333333
1250,0.13788266666667
1251,0.13169333333333
1252,0.136768
1253,0.14365599999999
1254,0.13333333333333
1255,0.11666666666667
1256,0.13333333333333
1257,0.13333333333333
1258,0.14012333333334
1259,0.12654333333333
1260,0.14073800000001
1261,0.13666666666667
1262,0.13333333333333
1263,0.13156166666667
1264,0.12440233333333
1265,0.13396133333333
1266,0.13541366666667
1267,0.13599366666667
1268,0.12956666666667
1269,0.145762
1270,0.133774
1271,0.12468133333333
1272,0.12828533333333
1273,0.14260633333333
1274,0.13603466666667
1275,0.12245233333333
1276,0.14809999999999
1277,0.12738166666667
1278,0.12304666666667
1279,0.13290499999999
1280,0.13651033333334
1281,0.136433
1282,0.135533
1283,0.14152366666666
1284,0.12569100000001
1285,0.12880566666667
1286,0.12883666666666
1287,0.13375866666667
1288,0.135384
1289,0.133742
1290,0.1375
1291,0.141207
1292,0.132749
1293,0.12619066666667
1294,0.12613533333333
1295,0.13940300000001
1296,0.135014
1297,0.138219
1298,0.13736399999999
1299,0.12579900000001
1300,0.12879066666667
1301,0.12874366666666
1302,0.13333333333333
1303,0.13630100000001
1304,0.13036566666666
1305,0.13888888888889
1306,0.13666666666667
1307,0.13220544444445
1308,0.13175533333333
1309,0.12753533333333
1310,0.13507733333333
1311,0.13577966666667
1312,0.13079566666667
1313,0.13129566666666
1314,0.14422100000001
1315,0.138981
1316,0.13346466666666
1317,0.12625666666667
1318,0.135941
1319,0.122571
1320,0.13464666666667
1321,0.13972666666667
1322,0.14063
1323,0.12493066666667
1324,0.12563766666667
1325,0.13299299999999
1326,0.13707133333334
1327,0.12959533333333
1328,0.13497900000001
1329,0.14241
1330,0.122792
1331,0.138212
1332,0.13060466666667
1333,0.13100233333333
1334,0.13333333333333
1335,0.13612266666667
1336,0.13935666666667
1337,0.139849
1338,0.12380266666667
1339,0.13455233333333
1340,0.12956533333333
1341,0.13008466666666
1342,0.13333333333333
1343,0.15
1344,0.13333333333333
1345,0.11666666666667
1346,0.13333333333333
1347,0.13447300000001
1348,0.13219366666666
1349,0.13333333333333
1350,0.14166666666667
1351,0.125
1352,0.14087400000001
1353,0.13248633333333
1354,0.13762133333333
1355,0.124773
1356,0.13091199999999
1357,0.13333333333333
1358,0.13333333333333
1359,0.13864700000001
1360,0.134915
1361,0.14
1362,0.135225
1363,0.12979166666667
1364,0.12142133333333
1365,0.13333333333333
1366,0.14291133333334
1367,0.13744133333333
1368,0.11964733333333
1369,0.13333333333333
1370,0.13333333333333
1371,0.13385600000001
1372,0.13281066666666
1373,0.14166666666667
1374,0.14166666666667
1375,0.12236300000001
1376,0.12763699999999
1377,0.13537600000001
1378,0.13129066666666
1379,0.13333333333333
1380,0.14311700000001
1381,0.14021633333333
1382,0.12971766666667
1383,0.12257566666667
1384,0.13103999999999
1385,0.13333333333333
1386,0.13961066666667
1387,0.12705599999999
1388,0.15
1389,0.13051200000001
1390,0.11948799999999
1391,0.13729100000001
1392,0.12990033333333
1393,0.13280866666666
1394,0.13469733333334
1395,0.13196933333333
1396,0.13333333333333
1397,0.13471600000001
1398,0.140153
1399,0.12825633333333
1400,0.13183733333333
1401,0.13170399999999
1402,0.13333333333333
1403,0.13333333333333
1404,0.13333333333333
1405,0.14842533333334
1406,0.12759766666667
1407,0.13333333333333
1408,0.14064366666666
1409,0.12471433333334
1410,0.13169033333333
1411,0.14359533333333
1412,0.13333333333333
1413,0.12183600000001
1414,0.12816399999999
1415,0.13333333333333
1416,0.14075800000001
1417,0.12590866666666
1418,0.14155900000001
1419,0.135812
1420,0.123848
1421,0.138928
1422,0.12651966666666
1423,0.13333333333333
1424,0.13392033333334
1425,0.13274633333333
1426,0.14594933333334
1427,0.13738399999999
1428,0.11940200000001
1429,0.13408566666667
1430,0.13544133333333
1431,0.136029
1432,0.12504199999999
1433,0.14549933333334
1434,0.13783399999999
1435,0.11921633333334
1436,0.133539
1437,0.13057799999999
1438,0.13566266666667
1439,0.13775633333333
1440,0.128799
1441,0.139886
1442,0.12609833333333
1443,0.13732366666667
1444,0.12921333333333
1445,0.13422933333333
1446,0.13279866666667
1447,0.13156599999999
1448,0.13708633333334
1449,0.13264466666667
1450,0.135499
1451,0.137736
1452,0.134182
1453,0.13951866666666
1454,0.12017633333334
1455,0.137838
1456,0.14198566666666
1457,0.13333333333333
1458,0.11666666666667
1459,0.14020800000001
1460,0.12645866666666
1461,0.13333333333333
1462,0.13800266666667
1463,0.137698
1464,0.14096599999999
1465,0.12642500000001
1466,0.13035733333333
1467,0.12655099999999
1468,0.13683633333334
1469,0.139037
1470,0.136939
1471,0.13718766666666
1472,0.13333333333333
1473,0.12480666666667
1474,0.12519333333333
1475,0.13439000000001
1476,0.139863
1477,0.12574699999999
1478,0.13333333333333
1479,0.14687200000001
1480,0.121481
1481,0.13164699999999
1482,0.13333333333333
1483,0.14020066666667
1484,0.12963266666667
1485,0.13016666666666
1486,0.14389866666667
1487,0.1375
1488,0.13033933333333
1489,0.12986533333333
1490,0.131295
1491,0.12966833333333
1492,0.13305566666667
1493,0.13104433333333
1494,0.14166666666667
1495,0.13811033333334
1496,0.12148533333333
1497,0.136117
1498,0.14595399999999
1499,0.12768366666667
1500,0.12460933333333
1501,0.13104033333333
1502,0.15
1503,0.12747166666667
1504,0.12252833333333
1505,0.13333333333333
1506,0.13405133333334
1507,0.135466
1508,0.141154
1509,0.13932866666666
1510,0.13333333333333
1511,0.12584133333334
1512,0.12415866666666
1513,0.13333333333333
1514,0.13333333333333
1515,0.14017066666667
1516,0.133765
1517,0.14273099999999
1518,0.12481400000001
1519,0.12518599999999
1520,0.13333333333333
1521,0.13514366666667
1522,0.139738
1523,0.13212233333333
1524,0.14257
1525,0.11709266666666
1526,0.13333333333333
1527,0.13333333333333
1528,0.13992200000001
1529,0.13956233333333
1530,0.12051566666666
1531,0.13552300000001
1532,0.1375
1533,0.13533433333333
1534,0.13019333333333
1535,0.134315
1536,0.12964933333333
1537,0.13566166666667
1538,0.1375
1539,0.12768833333333
1540,0.142505
1541,0.137123
1542,0.12245733333333
1543,0.140753
1544,0.13671866666667
1545,0.13374466666666
1546,0.12763033333334
1547,0.13903633333333
1548,0.11666666666667
1549,0.13333333333333
1550,0.13602133333334
1551,0.138281
1552,0.1376
1553,0.12258833333333
1554,0.14884266666666
1555,0.13333333333333
1556,0.12957666666667
1557,0.12648366666667
1558,0.12727299999999
1559,0.13333333333333
1560,0.13625733333334
1561,0.142456
1562,0.133591
1563,0.12296
1564,0.13140233333333
1565,0.13333333333333
1566,0.13715333333334
1567,0.137622
1568,0.139806
1569,0.13541866666666
1570,0.11666666666667
1571,0.13789700000001
1572,0.13687033333333
1573,0.12523266666666
1574,0.14125433333334
1575,0.12541233333333
1576,0.13751233333334
1577,0.14
1578,0.12806333333333
1579,0.12984933333333
1580,0.132681
1581,0.13189399999999
1582,0.13333333333333
1583,0.1375
1584,0.12916666666667
1585,0.14788200000001
1586,0.132211
1587,0.12003833333333
1588,0.14291966666667
1589,0.13100233333333
1590,0.13333333333333
1591,0.131497
1592,0.14444966666666
1593,0.11740966666667
1594,0.13259033333333
1595,0.13333333333333
1596,0.13333333333333
1597,0.13660366666667
1598,0.135855
1599,0.14286966666667
1600,0.12994133333333
1601,0.12209966666667
1602,0.13593266666667
1603,0.13038333333333
1604,0.135806
1605,0.134621
1606,0.1375
1607,0.13893833333333
1608,0.121983
1609,0.13079966666666
1610,0.13333333333333
1611,0.13333333333333
1612,0.14102300000001
1613,0.137212
1614,0.13843166666666
1615,0.13333333333333
1616,0.12454866666667
1617,0.12782066666667
1618,0.13096399999999
1619,0.13333333333333
1620,0.13333333333333
1621,0.15
1622,0.12222222222222
1623,0.13666666666667
1624,0.13611111111111
1625,0.12866400000001
1626,0.12680133333333
1627,0.13286799999999
1628,0.13979300000001
1629,0.12722666666667
1630,0.14964699999999
1631,0.13333333333333
1632,0.12083333333333
1633,0.13881366666667
1634,0.13932133333333
1635,0.11769833333333
1636,0.13333333333333
1637,0.14288800000001
1638,0.14044533333333
1639,0.12536733333334
1640,0.12830733333333
1641,0.12965866666666
1642,0.13909766666667
1643,0.12756899999999
1644,0.14526033333334
1645,0.13292833333333
1646,0.12181133333333
1647,0.14025800000001
1648,0.12640866666666
1649,0.13439300000001
1650,0.134964
1651,0.132896
1652,0.146427
1653,0.132539
1654,0.11878099999999
1655,0.13843166666667
1656,0.12823499999999
1657,0.14157033333334
1658,0.12509633333333
1659,0.14562466666667
1660,0.13770866666666
1661,0.13333333333333
1662,0.12157866666667
1663,0.13309566666667
1664,0.12865899999999
1665,0.14136366666667
1666,0.12835333333333
1667,0.13888888888889
1668,0.13666666666667
1669,0.13353411111111
1670,0.12700233333333
1671,0.13573033333333
1672,0.13904066666667
1673,0.13235466666667
1674,0.13215766666667
1675,0.13824099999999
1676,0.13333333333333
1677,0.125
1678,0.12810466666667
1679,0.14661033333333
1680,0.11695166666666
1681,0.13992500000001
1682,0.14340833333333
1683,0.12989566666667
1684,0.12587966666667
1685,0.13154233333333
1686,0.12934899999999
1687,0.13333333333333
1688,0.13934200000001
1689,0.137722
1690,0.13610933333333
1691,0.12015999999999
1692,0.13333333333333
1693,0.13899700000001
1694,0.12766966666666
1695,0.13333333333333
1696,0.14166666666667
1697,0.13930133333334
1698,0.13569866666666
1699,0.12198600000001
1700,0.13383633333333
1701,0.13000133333333
1702,0.13084299999999
1703,0.13976533333334
1704,0.13567533333333
1705,0.13512833333333
1706,0.12276433333333
1707,0.13333333333333
1708,0.13816900000001
1709,0.12849766666666
1710,0.13333333333333
1711,0.13333333333333
1712,0.14333333333333
1713,0.12871600000001
1714,0.12845733333333
1715,0.148787
1716,0.1275
1717,0.13670766666667
1718,0.13050866666667
1719,0.125
1720,0.13962633333333
1721,0.12573933333333
1722,0.142298
1723,0.139396
1724,0.126036
1725,0.13018433333333
1726,0.13569933333333
1727,0.14201066666666
1728,0.12692433333334
1729,0.12570266666667
1730,0.13420666666667
1731,0.13357366666667
1732,0.12959266666666
1733,0.13920566666667
1734,0.13333333333333
1735,0.13730666666667
1736,0.12348766666666
1737,0.13647333333334
1738,0.13019333333333
1739,0.13721066666667
1740,0.138104
1741,0.137163
1742,0.13752233333333
1743,0.13333333333333
1744,0.12798733333334
1745,0.12201266666666
1746,0.13333333333333
1747,0.13933633333334
1748,0.12733033333333
1749,0.14841666666667
1750,0.13236133333333
1751,0.11922199999999
1752,0.13333333333333
1753,0.13333333333333
1754,0.13333333333333
1755,0.13333333333333
1756,0.13333333333333
1757,0.13333333333333
1758,0.13899566666668
1759,0.143729
1760,0.13333333333333
1761,0.130373
1762,0.123653
1763,0.13397566666667
1764,0.13333333333333
1765,0.13333333333333
1766,0.13428166666667
1767,0.137804
1768,0.13333333333333
1769,0.14052133333332
1770,0.11968933333334
1771,0.13031066666666
1772,0.14905700000001
1773,0.13367133333333
1774,0.11727166666666
1775,0.13333333333333
1776,0.13333333333333
1777,0.13813066666668
1778,0.132496
1779,0.137607
1780,0.14176633333332
1781,0.12376600000001
1782,0.13406533333333
1783,0.131065
1784,0.12777033333332
1785,0.13333333333333
1786,0.13436266666668
1787,0.14349366666667
1788,0.13067033333333
1789,0.12480666666666
1790,0.13333333333333
1791,0.14137333333334
1792,0.135649
1793,0.136784
1794,0.13619366666666
1795,0.13222333333334
1796,0.11777666666666
1797,0.13333333333333
1798,0.14041200000001
1799,0.12625466666666
1800,0.13666133333334
1801,0.13000533333332
1802,0.14787133333334
1803,0.13200766666667
1804,0.12747133333333
1805,0.13571428571429
1806,0.12911704761905
1807,0.13000433333333
1808,0.13114733333332
1809,0.1375
1810,0.12916666666667
1811,0.13422100000001
1812,0.139241
1813,0.138451
1814,0.13726233333333
1815,0.11845566666667
1816,0.13236899999999
1817,0.14396966666668
1818,0.135322
1819,0.12070833333332
1820,0.13545733333334
1821,0.13639633333333
1822,0.12814633333332
1823,0.13333333333333
1824,0.14166666666667
1825,0.14166666666667
1826,0.13333333333333
1827,0.11666666666667
1828,0.13909566666668
1829,0.12757099999999
1830,0.13667733333334
1831,0.137533
1832,0.14245633333332
1833,0.13333333333333
1834,0.11666666666667
1835,0.13874200000001
1836,0.12792466666666
1837,0.13333333333333
1838,0.13425066666668
1839,0.14000733333333
1840,0.14240866666666
1841,0.12304600000001
1842,0.12695399999999
1843,0.14051733333334
1844,0.12614933333332
1845,0.13333333333333
1846,0.13342433333334
1847,0.14990899999999
1848,0.13333333333333
1849,0.12723233333334
1850,0.13333333333333
1851,0.137448
1852,0.119011
1853,0.140987
1854,0.14124766666667
1855,0.13244566666667
1856,0.12911366666667
1857,0.13333333333333
1858,0.13333333333333
1859,0.13344433333333
1860,0.12696866666667
1861,0.12876833333332
1862,0.14166666666667
1863,0.14166666666667
1864,0.11666666666667
1865,0.13574633333334
1866,0.13092033333332
1867,0.13757833333334
1868,0.134515
1869,0.139489
1870,0.13257166666667
1871,0.13844
1872,0.11740599999999
1873,0.13333333333333
1874,0.13952066666668
1875,0.139968
1876,0.12197533333333
1877,0.13394
1878,0.14792933333332
1879,0.12396266666668
1880,0.12603733333332
1881,0.13917733333334
1882,0.12748933333332
1883,0.13333333333333
1884,0.13333333333333
1885,0.14977133333334
1886,0.11689533333332
1887,0.14070100000001
1888,0.12596566666666
1889,0.13722133333334
1890,0.14054533333333
1891,0.129761
1892,0.138543
1893,0.12838233333333
1894,0.13888888888889
1895,0.13225011111111
1896,0.12345333333333
1897,0.13305333333333
1898,0.14441266666667
1899,0.128284
1900,0.13432866666667
1901,0.12762633333333
1902,0.139921
1903,0.12446433333333
1904,0.13831566666667
1905,0.140049
1906,0.13716633333332
1907,0.12434166666668
1908,0.13844433333333
1909,0.12054733333332
1910,0.13333333333333
1911,0.14019466666668
1912,0.12647199999999
1913,0.13333333333333
1914,0.13963766666668
1915,0.14250166666667
1916,0.13148733333333
1917,0.12429966666667
1918,0.13026566666667
1919,0.13261433333333
1920,0.13252699999999
1921,0.13333333333333
1922,0.14166666666667
1923,0.14166666666667
1924,0.11666666666667
1925,0.13816700000001
1926,0.12849966666666
1927,0.13543533333334
1928,0.140048
1929,0.139998
1930,0.13451866666666
1931,0.11761933333334
1932,0.13356933333333
1933,0.13214466666666
1934,0.13333333333333
1935,0.13333333333333
1936,0.13389166666668
1937,0.13836733333333
1938,0.13861066666667
1939,0.13626166666667
1940,0.13418133333333
1941,0.12475033333333
1942,0.13022533333333
1943,0.13175966666667
1944,0.13195199999999
1945,0.13333333333333
1946,0.14005700000001
1947,0.136066
1948,0.139399
1949,0.127478
1950,0.13910866666667
1951,0.13135233333333
1952,0.13150466666667
1953,0.13836766666666
1954,0.12624466666668
1955,0.12375533333332
1956,0.14152200000001
1957,0.12514466666666
1958,0.13697866666668
1959,0.13040066666667
1960,0.14928733333332
1961,0.12807100000001
1962,0.12370066666667
1963,0.13156166666666
1964,0.13333333333333
1965,0.13745300000001
1966,0.133622
1967,0.1375
1968,0.14142499999999
1969,0.12781633333334
1970,0.13048133333333
1971,0.130019
1972,0.12834999999999
1973,0.13333333333333
1974,0.13421400000001
1975,0.142069
1976,0.131786
1977,0.12526433333332
1978,0.13762666666668
1979,0.13226466666667
1980,0.13010866666666
1981,0.13333333333333
1982,0.13390300000001
1983,0.13888888888889
1984,0.13669611111111
1985,0.13611111111111
1986,0.12800088888889
1987,0.127916
1988,0.13181733333332
1989,0.13333333333333
1990,0.13333333333333
1991,0.14566633333334
1992,0.136141
1993,0.12317533333333
1994,0.142674
1995,0.13567666666666
1996,0.11666666666667
1997,0.13742766666668
1998,0.141276
1999,0.133923
