103233
1781
2607
2401
1883
1330
1011
676
636
1105
2068
2740
3044
2886
2073
1291
1261
1177
1235
1179
1075
927
760
820
1118
1557
1910
2031
1921
1532
1261
1325
1617
1800
1938
1956
1589
1010
681
694
907
1266
1206
954
583
455
613
1235
1549
1367
1146
901
723
964
1777
2350
2871
3289
3751
2928
1967
1918
1852
1711
1567
1224
1111
970
1027
1329
1564
1746
1961
1896
1541
1259
1384
1601
1889
2111
2041
1688
1104
741
704
883
1202
1182
907
671
521
684
1273
1621
1389
1103
845
679
886
1667
2175
2610
3209
3404
2641
1780
1738
1831
1742
1629
1399
1271
1118
1109
1283
1526
1801
2053
1961
1614
1305
1428
1690
1874
1967
1973
1768
1235
826
795
1029
1359
1265
943
675
527
652
1361
1731
1350
1133
959
805
1015
1714
2270
2548
3211
3556
2664
1744
1785
1939
1888
1806
1533
1289
1114
1179
1393
1606
1860
1964
1884
1553
1255
1389
1736
1880
2126
2169
1754
1178
790
754
942
1291
1235
1003
664
516
686
1289
1610
1397
1203
943
754
904
1670
2220
2683
3291
3609
2671
1736
1779
1813
1732
1647
1437
1186
1005
1089
1305
1569
1702
1909
1992
1566
1321
1497
1773
2024
2222
2189
1745
1121
725
685
853
1239
1252
955
672
545
683
1309
1645
1346
1116
811
642
907
1642
2244
2588
3143
3541
2760
1833
1813
1796
1683
1566
1431
1287
1032
1092
1352
1575
1853
2011
1948
1560
1245
1349
1541
1797
2065
2032
1712
1158
805
793
979
1311
1281
927
641
494
656
1251
1608
1354
1105
813
681
937
1655
2219
2718
3258
3520
2755
1872
1740
1757
1673
1590
1458
1224
1050
1118
1309
1583
1827
1831
1747
1464
1203
1379
1660
1986
2159
2118
1672
1092
756
746
932
1229
1204
846
609
481
617
1217
1556
1353
1166
970
800
970
1709
2246
2575
3225
3479
2729
1831
1826
1752
1698
1607
1404
1232
1099
1157
1382
1658
1805
2001
1901
1512
1249
1414
1631
1876
2073
2055
1666
1103
776
784
928
1295
1244
1000
718
521
709
1295
1611
1358
1062
899
754
970
1708
2214
2512
3034
3344
2642
1810
1758
1778
1719
1557
1340
1212
1038
1045
1314
1660
1930
2056
2004
1608
1332
1463
1763
2028
2186
2138
1789
1134
816
814
990
1364
1333
1025
687
500
674
1297
1639
1379
1156
957
701
885
1619
2110
2470
2866
3272
2618
1705
1752
1724
1606
1560
1373
1171
1043
1093
1281
1639
1935
2074
2018
1568
1295
1473
1679
1824
1965
1968
1660
1083
748
721
909
1273
1193
929
726
549
682
1293
1628
1326
1119
950
740
966
1678
2273
2645
3065
3239
2623
1745
1754
1725
1667
1543
1344
1207
1045
1082
1312
1610
1899
2024
1953
1604
1303
1473
1799
2062
2146
2022
1733
1104
735
740
912
1319
1328
1014
728
576
733
1327
1718
1409
