0.14133
0.12996766666667
0.13008366666667
0.14028533333333
0.12853333333334
0.1298
0.135138
0.132514
0.132348
0.13725233333334
0.13364166666667
0.13743933333333
0.132551
0.13411566666666
0.12643266666667
0.13311033333333
0.13212366666666
0.13662066666667
0.130046
0.141183
0.133817
0.125435
0.13435066666667
0.131881
0.13333333333333
0.14166666666667
0.13312766666667
0.133539
0.13061833333334
0.127715
0.135533
0.13259466666667
0.133112
0.140427
0.13333333333333
0.13333333333333
0.125
0.13375966666667
0.13384033333333
0.1324
0.13333333333333
0.13912833333334
0.13587166666666
0.125
0.13333333333333
0.13671166666667
0.129955
0.13853766666667
0.135099
0.13469666666666
0.125
0.13333333333333
0.13333333333333
0.13333333333333
0.141051
0.133949
0.13071833333334
0.13422533333333
0.13303066666667
0.13226533333333
0.12902666666667
0.13609433333333
0.13577733333333
0.12930366666667
0.13545466666667
0.13582066666667
0.12777766666667
0.132172
0.13391433333334
0.13603433333333
0.13679333333333
0.13210366666667
0.13615433333333
0.132797
0.12735666666667
0.13501966666667
0.12982666666666
0.13970366666667
0.13529633333333
0.13333333333333
0.12555433333334
0.132779
0.13333333333333
0.13333333333333
0.13333333333333
0.13333333333333
0.14166666666667
0.130813
0.129082
0.13177166666666
0.13469133333334
0.13197533333333
0.13333333333333
0.14166666666667
0.13333333333333
0.126004
0.13232933333333
0.13333333333333
0.13333333333333
0.140052
0.134948
0.13333333333333
0.13015033333334
0.13651633333333
0.12610400000001
0.13532933333333
0.13105766666667
0.13250899999999
0.14166666666667
0.13333333333333
0.12546066666667
0.136622
0.12958399999999
0.13333333333333
0.14166666666667
0.13101933333334
0.13564733333333
0.13333333333333
0.13333333333333
0.12523800000001
0.13309533333333
0.13372566666667
0.14127433333333
0.13004333333334
0.13662333333333
0.13306600000001
0.133324
0.12527666666666
0.13552333333334
0.13313533333333
0.13592133333333
0.13449
0.13592999999999
0.125
0.13505233333334
0.135262
0.12968566666666
0.13946733333334
0.13553266666666
0.12999533333334
0.12839333333333
0.136397
0.13021433333333
0.13333333333333
0.13761066666667
0.13738933333333
0.13110500000001
0.13556166666666
0.13285233333334
0.13381433333333
0.12750533333334
0.13085433333333
0.13330699999999
0.13333333333333
0.14166666666667
0.13055555555556
0.13074244444445
0.13036866666666
0.13666600000001
0.13667166666667
0.13499566666666
0.12964900000001
0.13522966666667
0.132626
0.12828133333333
0.13636066666667
0.12951999999999
0.14165066666667
0.13334933333333
0.13091066666667
0.13525966666667
0.12549633333333
0.13333333333333
0.13333333333333
0.13333333333333
0.14156233333334
0.13226
0.13451099999999
0.12504400000001
0.13533333333333
0.13128933333333
0.13333333333333
0.13956933333334
0.13301666666667
0.134648
0.128162
0.134597
0.13000699999999
0.13482500000001
0.139244
0.13426433333333
0.12919833333334
0.13746833333333
0.13333333333333
0.13333333333333
0.12593633333334
0.13239699999999
0.13333333333333
0.13333333333333
0.14166666666667
0.13322666666667
0.12768966666667
0.13075033333333
0.13510300000001
0.13989699999999
0.13284833333334
0.13381833333333
0.13333333333333
0.13295066666667
0.12538266666666
0.13745233333334
0.13106033333333
0.13663333333333
0.13652066666666
0.13333333333333
0.13333333333333
0.12929766666667
0.12903566666666
0.13333333333333
0.13344766666667
0.13904633333333
0.13583933333333
0.13333333333333
0.12603533333334
0.13640533333333
0.12922599999999
0.13398100000001
0.13268566666666
0.13761000000001
0.13551533333333
0.12708633333333
0.136501
0.13381433333333
0.12947299999999
0.14126466666667
0.133026
0.13233666666667
0.132374
0.13427933333333
0.134378
0.12828866666667
0.134671
0.12938166666666
0.13391633333334
0.14087733333333
0.12783366666667
0.13070599999999
0.13356166666667
0.134713
0.14005866666666
0.12970100000001
0.13454866666667
0.134663
0.13394566666667
0.12740566666667
0.13140266666666
0.13333333333333
0.14068566666667
0.13431433333333
0.13333333333333
0.13239766666667
0.133855
0.125664
0.13628433333333
0.130441
0.13975333333333
0.132479
0.13376466666667
0.12702766666666
0.13333333333333
0.13380400000001
0.13286266666666
0.13756100000001
0.133438
0.13733433333333
0.12907266666667
0.13315066666667
0.132204
0.13415133333333
0.13708733333333
0.13164566666667
0.13419766666667
0.133795
0.13339766666667
0.13463133333333
0.125
0.13333333333333
0.13333333333333
0.14166666666667
0.13287666666667
0.12545666666666
0.13588933333334
0.13381333333333
0.130651
0.13773933333333
0.13690699999999
0.13249866666667
0.13391366666667
0.13358766666666
0.12813700000001
0.132619
0.13091066666666
0.13914966666667
0.13444666666667
0.13304066666667
0.13107833333333
0.13040066666667
0.13303433333333
0.13218299999999
0.13703700000001
0.13572366666667
0.13557266666666
0.13114100000001
0.12719233333333
0.13349500000001
0.13317166666666
0.13674466666667
0.13473033333333
0.13540433333333
0.132503
0.12905633333333
0.13331766666667
0.13157699999999
0.13333333333333
0.13944600000001
0.13555399999999
0.13251166666667
0.13415499999999
0.13189266666667
0.13223266666667
0.131505
0.12936966666666
0.13425000000001
0.132741
0.14045
0.128069
0.13115666666666
0.13403433333334
0.13263233333333
0.13918400000001
0.13581599999999
0.13333333333333
0.13333333333333
0.13333333333333
0.12828466666667
0.13006233333333
0.13331966666666
0.14166666666667
0.13221100000001
0.13445566666666
0.13333333333333
0.12599533333334
0.13233799999999
0.13333333333333
0.13333333333333
0.13933733333334
0.13333466666667
0.13412066666667
0.12985333333333
0.13002066666666
0.13455766666668
0.13395966666667
0.136378
0.13632933333333
0.133041
0.12573433333333
0.13333333333333
0.13483400000001
0.13507733333333
0.13718
0.13457533333333
0.12917566666668
0.135663
0.13290233333333
0.13433466666667
0.12648133333333
0.13310966666666
0.13610566666668
0.13889433333332
0.12786700000001
0.13879966666666
0.125
0.13641866666668
0.13024799999999
0.13804300000001
0.13347766666667
0.13589866666667
0.13251666666667
0.13506399999999
0.125
0.13719233333334
0.13285
0.136271
0.13535333333332
0.13333333333333
0.13125133333334
0.12708199999999
0.13333333333333
0.13333333333333
0.13448400000001
0.13751
0.13633933333332
0.13118466666668
0.12910166666667
0.13328266666667
0.13325
0.13151433333332
0.13333333333333
0.13974766666668
0.132109
0.12814333333332
0.13333333333333
0.13333333333333
0.13560566666668
0.138555
0.13417266666666
0.13333333333333
0.13333333333333
0.13185333333334
0.13227633333333
0.127733
0.13727066666667
0.12919999999999
0.14166666666667
0.13333333333333
0.12529800000001
0.135338
0.13103066666666
0.13333333333333
0.14166666666667
0.13333333333333
0.12954533333334
0.13712133333332
0.13333333333333
0.12860933333334
0.13311666666667
0.13309966666667
0.13599466666667
0.13584633333332
0.13304166666668
0.13362499999999
0.13036366666668
0.12796966666666
0.13333900000001
0.13332766666666
0.13577700000001
0.13922299999999
0.13279033333334
0.13387633333332
0.12696700000001
0.13433933333333
0.13036033333332
0.13333333333333
0.13838133333334
0.13661866666666
0.12592366666668
0.134258
0.13148499999999
0.13619633333334
0.13880366666666
0.13132400000001
0.13534266666666
0.13333333333333
0.13333333333333
0.12782500000001
0.13050833333332
0.13333333333333
0.13699900000001
0.13425866666667
0.136895
0.13251566666667
0.12599833333332
0.13333333333333
0.13437900000001
0.14062099999999
0.13333333333333
0.13333333333333
0.12985966666668
0.13289366666667
0.12891333333332
0.13372400000001
0.13294266666666
0.14166666666667
0.13333333333333
0.13333333333333
0.13333333333333
0.12831100000001
0.130632
0.13272366666666
0.13333333333333
0.13927400000001
0.13572599999999
0.13308066666668
0.12529533333333
0.13397566666667
0.13264833333332
0.13333333333333
0.14070633333334
0.13189433333333
0.13531133333333
0.12814766666667
0.13060699999999
0.13333333333333
0.13571633333334
0.13095033333332
0.14166666666667
0.13280300000001
0.13386366666666
0.12997600000001
0.135359
0.12633166666666
0.13623900000001
0.13185933333333
0.14023499999999
0.12917500000001
0.12915833333332
0.13489366666668
0.13177299999999
0.13333333333333
0.13515866666668
0.13984133333332
0.13172400000001
0.13494266666666
0.13333333333333
0.125
0.13736666666668
0.12929999999999
0.14166666666667
0.13093200000001
0.13293066666667
0.13601433333333
0.12512299999999
0.13663233333334
0.13171033333333
0.13359733333333
0.13139333333332
0.14166666666667
0.13333333333333
0.125
0.13333333333333
0.13333333333333
0.13686266666668
0.13485966666667
0.13661099999999
0.13110266666668
0.12723066666666
0.13333333333333
0.13636500000001
0.13368233333333
0.13828599999999
0.13084433333334
0.13225466666667
0.13689333333333
0.13334099999999
0.13050933333334
0.12782399999999
0.13442633333334
0.13224033333332
0.13665200000001
0.13834799999999
0.12766900000001
0.13466666666667
0.129593
0.135861
0.13887699999999
0.13333333333333
0.13333333333333
0.13141933333334
0.13524733333332
0.12718966666668
0.13114366666666
0.13745333333334
0.13754666666666
0.13194966666668
0.13067933333333
0.13651833333333
0.12585266666666
0.13333333333333
0.13530366666668
0.13246366666667
0.13981333333333
0.13408599999999
0.13333333333333
0.125
0.13680200000001
0.12986466666666
0.13506133333334
0.13160533333332
0.14166666666667
0.13080500000001
0.12752833333332
0.13333333333333
0.13562333333334
0.13104333333332
0.13333333333333
0.14166666666667
0.13013833333334
0.13652833333332
0.13305333333334
0.13034
0.12951166666667
0.134063
0.13248366666667
0.13331633333333
0.136913
0.13698566666666
0.125
0.13333333333333
0.13333333333333
0.14166666666667
0.12928800000001
0.136826
0.13388599999999
0.13333333333333
0.12900333333334
0.13264433333333
0.13156166666667
0.14012399999999
0.13333333333333
0.13156700000001
0.13509966666666
0.12699633333334
0.13133699999999
0.13333333333333
0.13333333333333
0.13333333333333
0.13922066666668
0.13577933333332
0.13333333333333
0.125
0.13333333333333
0.13459100000001
0.13207566666666
0.14166666666667
0.13082366666668
0.128046
0.13279699999999
0.13413433333334
0.13263933333333
0.139607
0.13528599999999
0.13333333333333
0.13118633333334
0.13436566666667
0.13444799999999
0.125
0.13627500000001
0.133096
0.13062899999999
0.14166666666667
0.13115066666668
0.12718266666666
0.13333333333333
0.13333333333333
0.13755933333334
0.135354
0.13541999999999
0.13270066666668
0.13396599999999
0.13333333333333
0.12788633333334
0.13044699999999
0.14135866666668
0.13234233333333
0.13463233333332
0.13086966666668
0.12746366666666
0.13558600000001
0.13108066666666
0.13333333333333
0.13333333333333
0.13846833333334
0.13653166666666
0.12662866666668
0.13537733333333
0.130369
0.13262499999999
0.13883766666668
0.13224033333333
0.13725533333332
0.12689000000001
0.13312933333333
0.13164733333332
0.13342800000001
0.13323866666666
0.14166666666667
0.13333333333333
0.13333333333333
0.13226566666668
0.133412
0.12598899999999
0.13333333333333
0.13333333333333
0.13333333333333
0.13706666666668
0.13623966666667
0.12669366666666
0.13333333333333
0.13462500000001
0.14037499999999
0.13333333333333
0.13333333333333
0.13201500000001
0.13069
0.12896166666666
0.13333333333333
0.13337933333334
0.13987966666667
0.13234666666667
0.13606099999999
0.12933633333334
0.13356433333333
0.13120966666667
0.13212633333333
0.135816
0.12961399999999
0.14166666666667
0.13333333333333
0.12994133333334
0.12900566666667
0.133447
0.13260599999999
0.13333333333333
0.14166666666667
0.13333333333333
0.12700566666668
0.13132766666666
0.13622100000001
0.13044566666666
0.13333333333333
0.14055866666668
0.13444133333332
0.13333333333333
0.13333333333333
0.125
0.13562400000001
0.13104266666666
0.13716700000001
0.13637033333333
0.13472566666667
0.13330933333333
0.127308
0.13111966666666
0.13579933333334
0.13764566666667
0.13488833333332
0.13333333333333
0.13320000000001
0.13346666666666
0.12688233333334
0.13259833333333
0.13218599999999
0.14166666666667
0.13151566666668
0.13515099999999
0.13333333333333
0.12810000000001
0.13188566666667
0.133235
0.13559033333333
0.13463566666667
0.13655333333332
0.13215266666668
0.131364
0.12814999999999
0.13409500000001
0.13484966666667
0.13105533333332
0.14097533333334
0.13013266666667
0.13144166666667
0.13385433333333
0.13295633333333
0.132034
0.13193899999999
0.14009766666668
0.13490233333332
0.13333333333333
0.13163533333334
0.13089533333333
0.13249966666667
0.12996966666666
0.13656466666668
0.13148133333333
0.13195399999999
0.13599733333334
0.13066933333332
0.13562966666668
0.13192466666667
0.14031766666667
0.13379466666666
0.13312633333335
0.13351633333333
0.12973766666667
0.13093433333333
0.13101866666665
0.13333333333333
0.14166666666667
0.13278933333335
0.12974733333333
0.134143
0.12984166666667
0.13563566666667
0.12950966666665
0.13662300000001
0.13490333333333
0.13516366666667
0.13399666666667
0.12597999999999
0.13443833333335
0.13623066666667
0.12933099999999
0.13333333333333
0.14166666666667
0.13100566666668
0.12787733333333
0.13278366666665
0.13356466666668
0.136937
0.13746966666667
0.13369533333332
0.13333333333333
0.12957266666668
0.133335
0.13709233333332
0.12575833333335
0.133772
0.13606066666667
0.13424333333333
0.13441533333333
0.12741699999999
0.13628433333335
0.13311
0.13060566666665
0.13528966666668
0.13763666666667
0.13509466666667
0.13364566666665
0.13333333333333
0.12873166666668
0.12960166666665
0.13363200000001
0.14136799999999
0.13333333333333
0.13333333333333
0.12984800000001
0.12848533333332
0.13333333333333
0.13333333333333
0.13648000000001
0.13780733333333
0.13255933333333
0.13073433333333
0.13039533333333
0.132264
0.13309299999999
0.13333333333333
0.14062466666668
0.13437533333332
0.12929066666668
0.12904266666665
0.13333333333333
0.13690266666668
0.13205133333333
0.136068
0.13664466666665
0.13333333333333
0.13333333333333
0.13327733333335
0.127925
0.13046433333332
0.13333333333333
0.13333333333333
0.13854566666668
0.13645433333332
0.13171733333335
0.12697266666667
0.13297666666665
0.13333333333333
0.14045000000001
0.13259266666667
0.13529066666665
0.12922233333335
0.135041
0.12740333333332
0.13333333333333
0.13666166666668
0.13430133333333
0.13653
0.13357333333333
0.13393366666665
0.12647933333335
0.132621
0.135627
0.133699
0.12990699999999
0.14166666666667
0.13304600000001
0.12528733333332
0.13397333333335
0.13269333333332
0.13386400000001
0.14003766666667
0.13443166666665
0.12917666666668
0.130156
0.13442366666667
0.134624
0.13010533333333
0.14151433333332
0.13333333333333
0.13333333333333
0.13333333333333
0.13181866666668
0.13171333333333
0.12813466666665
0.13490933333335
0.14009066666665
0.12526000000001
0.13307333333332
0.13676966666668
0.13398333333333
0.12924699999999
0.13706000000001
0.13703866666667
0.13423466666665
0.12950000000001
0.13716666666665
0.13333333333333
0.125
0.13489500000001
0.13177166666665
0.14166666666667
0.13069400000001
0.13276466666667
0.133061
0.13551433333333
0.128775
0.13085766666665
0.13621500000001
0.136623
0.13549533333332
0.13333333333333
0.12941566666668
0.12891766666665
0.13703400000001
0.12963266666665
0.13333333333333
0.13782400000001
0.13542233333333
0.130293
0.13039333333333
0.13273399999999
0.13449200000001
0.13702533333333
0.13681599999999
0.13333333333333
0.13333333333333
0.13105133333335
0.13561533333332
0.12510166666668
0.13621666666667
0.13034833333332
0.13333333333333
0.13807666666668
0.13692333333332
0.125
0.13333333333333
0.13413233333335
0.13956133333333
0.13376
0.13186366666667
0.13568266666665
0.13333333333333
0.125
0.13695066666668
0.12971599999999
0.13828233333335
0.13671766666665
0.12919900000001
0.136136
0.13412233333333
0.12554266666665
0.13333333333333
0.13722433333335
0.12944233333332
0.13937700000001
0.13562299999999
0.125
0.13333333333333
0.13333333333333
0.13359500000001
0.14008866666667
0.13319866666667
0.13150433333333
0.12827999999999
0.13333333333333
0.13333333333333
0.13333333333333
0.13333333333333
