0,0
1,21.232591
2,0.067361
3,0.174787
4,0.098061
5,0.075973
6,0.054097
7,0.037311
8,0.027523
9,0.027523
10,0.027523
11,0.090967
12,0.11431
13,0.117219
14,0.109005
15,0.085883
16,0.047773
17,0.047773
18,0.042048
19,0.04906
20,0.04906
21,0.048219
22,0.035503
23,0.035503
24,0.035503
25,0.045144
26,0.06801
27,0.06801
28,0.080268
29,0.07766
30,0.059942
31,0.042113
32,0.042113
33,0.058946
34,0.071406
35,0.073782
36,0.072396
37,0.061192
38,0.045077
39,0.045077
40,0.030044
41,0.030044
42,0.051165
43,0.051165
44,0.041705
45,0.028832
46,0.028832
47,0.028832
48,0.058845
49,0.059292
50,0.059292
51,0.050287
52,0.033292
53,0.033292
54,0.036828
55,0.036828
56,0.084041
57,0.109819
58,0.124775
59,0.135104
60,0.116549
61,0.060322
62,0.064411
63,0.060453
64,0.060453
65,0.059834
66,0.056084
67,0.047747
68,0.047747
69,0.037954
70,0.047441
71,0.047441
72,0.07323
73,0.083401
74,0.068771
75,0.061901
76,0.044078
77,0.048218
78,0.048218
79,0.066984
80,0.069751
81,0.070012
82,0.059467
83,0.040174
84,0.027829
85,0.027829
86,0.040319
87,0.040319
88,0.048132
89,0.031625
90,0.031625
91,0.031625
92,0.029901
93,0.029901
94,0.056291
95,0.044273
96,0.044273
97,0.0473
98,0.0473
99,0.044682
100,0.044682
101,0.085025
102,0.106765
103,0.109442
104,0.121422
105,0.101514
106,0.063502
107,0.063502
108,0.058514
109,0.059999
110,0.057423
111,0.063365
112,0.045683
113,0.045683
114,0.037255
115,0.037255
116,0.061961
117,0.0654
118,0.0694
119,0.076838
120,0.069916
121,0.045212
122,0.045907
123,0.045907
124,0.071156
125,0.083179
126,0.073055
127,0.075013
128,0.043956
129,0.027584
130,0.027584
131,0.037842
132,0.037842
133,0.049539
134,0.040102
135,0.040102
136,0.031781
137,0.031781
138,0.031781
139,0.056031
140,0.049439
141,0.041466
142,0.041466
143,0.031458
144,0.031458
145,0.066599
146,0.066599
147,0.098529
148,0.114992
149,0.117743
150,0.099839
151,0.067991
152,0.058539
153,0.05852
154,0.056552
155,0.064952
156,0.064952
157,0.055033
158,0.035879
159,0.035879
160,0.049039
161,0.058701
162,0.058701
163,0.075491
164,0.078226
165,0.061825
166,0.044528
167,0.044528
168,0.056173
169,0.065847
170,0.072636
171,0.072064
172,0.061539
173,0.04258
174,0.04258
175,0.029256
176,0.029256
177,0.05952
178,0.05952
179,0.051322
180,0.031995
181,0.031995
182,0.031995
183,0.052346
184,0.052346
185,0.063961
186,0.045698
187,0.034606
188,0.034606
189,0.034606
190,0.071275
191,0.088604
192,0.106283
193,0.107485
194,0.116019
195,0.094218
196,0.059839
197,0.056368
198,0.061652
199,0.066455
200,0.066455
201,0.063035
202,0.054555
203,0.038534
204,0.041784
205,0.041784
206,0.065785
207,0.075987
208,0.080782
209,0.069536
210,0.057308
211,0.041752
212,0.041752
213,0.062748
214,0.069843
215,0.081064
216,0.077408
217,0.063609
218,0.038352
219,0.02834
220,0.02834
221,0.02834
222,0.049636
223,0.043986
224,0.043986
225,0.035456
226,0.035456
227,0.033357
228,0.033357
229,0.060456
230,0.050842
231,0.050842
232,0.037879
233,0.037879
234,0.041128
235,0.041128
236,0.091199
237,0.10237
238,0.113538
239,0.117719
240,0.095465
241,0.054757
242,0.057607
243,0.056896
244,0.058714
245,0.062129
246,0.069725
247,0.048971
248,0.048971
249,0.043667
250,0.043667
251,0.063129
252,0.07933
253,0.076464
254,0.069487
255,0.056519
256,0.041023
257,0.049246
258,0.049246
259,0.066989
260,0.073083
261,0.073862
262,0.06401
263,0.040375
264,0.028072
265,0.028072
266,0.03694
267,0.03694
268,0.052478
269,0.038909
270,0.038909
271,0.038909
272,0.034057
273,0.034057
274,0.064529
275,0.048199
276,0.04521
277,0.04521
278,0.034616
279,0.034616
280,0.070223
281,0.070223
282,0.102854
283,0.109293
284,0.108215
285,0.09594
286,0.062404
287,0.062404
288,0.056948
289,0.066271
290,0.061404
291,0.059354
292,0.050979
293,0.050979
294,0.039331
295,0.039331
296,0.055864
297,0.064877
298,0.077834
299,0.071748
300,0.064766
301,0.051483
302,0.058355
303,0.058355
304,0.067791
305,0.076934
306,0.080112
307,0.064706
308,0.049121
309,0.033889
310,0.033889
311,0.036869
312,0.04961
313,0.04961
314,0.041682
315,0.041682
316,0.02884
317,0.02884
318,0.053897
319,0.053897
320,0.05897
321,0.044835
322,0.044835
323,0.033669
324,0.033669
325,0.062308
326,0.082002
327,0.097003
328,0.128003
329,0.117232
330,0.102206
331,0.060985
332,0.063263
333,0.057564
334,0.062284
335,0.063113
336,0.058142
337,0.058142
338,0.05314
339,0.041341
340,0.041341
341,0.060516
342,0.066185
343,0.079958
344,0.08229
345,0.065918
346,0.048754
347,0.049615
348,0.049615
349,0.06869
350,0.075789
351,0.075852
352,0.065137
353,0.045486
354,0.029932
355,0.029932
356,0.040109
357,0.040109
358,0.054725
359,0.040682
360,0.040682
361,0.030547
362,0.030547
363,0.030547
364,0.057377
365,0.047665
366,0.041478
367,0.041478
368,0.034214
369,0.034214
370,0.034214
371,0.083947
372,0.094834
373,0.120484
374,0.125509
375,0.104696
376,0.062447
377,0.066291
378,0.0602
379,0.059102
380,0.060847
381,0.064584
382,0.064584
383,0.051603
384,0.044873
385,0.044873
386,0.064093
387,0.068385
388,0.069829
389,0.071363
390,0.06053
391,0.047661
392,0.047661
393,0.058692
394,0.06797
395,0.078083
396,0.077181
397,0.063758
398,0.046805
399,0.029046
400,0.029046
401,0.040888
402,0.040888
403,0.047484
404,0.033888
405,0.033888
406,0.025691
407,0.025691
408,0.025691
409,0.056171
410,0.043153
411,0.043153
412,0.037766
413,0.037766
414,0.039561
415,0.039561
416,0.082066
417,0.099116
418,0.110634
419,0.12471
420,0.096844
421,0.057373
422,0.057596
423,0.060537
424,0.06351
425,0.063417
426,0.058617
427,0.046831
428,0.036907
429,0.036907
430,0.046531
431,0.046531
432,0.070628
433,0.072697
434,0.074708
435,0.058818
436,0.043572
437,0.046817
438,0.046817
439,0.06697
440,0.07691
441,0.066573
442,0.059392
443,0.036903
444,0.02703
445,0.02703
446,0.02703
447,0.046432
448,0.048916
449,0.048916
450,0.036347
451,0.036347
452,0.035186
453,0.035186
454,0.059177
455,0.050432
456,0.050432
457,0.039504
458,0.039504
459,0.040233
460,0.040233
461,0.080064
462,0.092712
463,0.106322
464,0.108711
465,0.093599
466,0.055001
467,0.052802
468,0.053541
469,0.053541
470,0.062778
471,0.0571
472,0.047681
473,0.039236
474,0.039236
475,0.047414
476,0.059056
477,0.073015
478,0.072451
479,0.073965
480,0.054408
481,0.054408
482,0.058078
483,0.06871
484,0.073125
485,0.079824
486,0.072992
487,0.059997
488,0.042851
489,0.042851
490,0.029478
491,0.029478
492,0.04373
493,0.04373
494,0.045202
495,0.026441
496,0.026441
497,0.026441
498,0.055285
499,0.055285
500,0.060669
501,0.043012
502,0.029042
503,0.029042
504,0.029042
505,0.068122
506,0.084049
507,0.099049
508,0.109104
509,0.120889
510,0.108246
511,0.060132
512,0.067774
513,0.061547
514,0.063967
515,0.056061
516,0.056631
517,0.051182
518,0.051182
519,0.043316
520,0.043316
521,0.060025
522,0.070818
523,0.076593
524,0.081134
525,0.069047
526,0.045001
527,0.051929
528,0.06856
529,0.066375
530,0.069663
531,0.070308
532,0.062276
533,0.062276
534,0.039965
535,0.039965
536,0.038483
537,0.038483
538,0.051297
539,0.039136
540,0.039136
541,0.023882
542,0.023882
543,0.023882
544,0.065309
545,0.049904
546,0.049904
547,0.036382
548,0.036382
549,0.037689
550,0.037689
551,0.104559
552,0.117974
553,0.120323
554,0.113546
555,0.091089
556,0.063936
557,0.063936
558,0.058063
559,0.05591
560,0.05752
561,0.05226
562,0.047556
563,0.047556
564,0.041661
565,0.041661
566,0.059114
567,0.066225
568,0.072561
569,0.088853
570,0.066761
571,0.046307
572,0.046479
573,0.046479
574,0.068365
575,0.072335
576,0.063749
577,0.053859
578,0.041302
579,0.041302
580,0.028872
581,0.028872
582,0.0493
583,0.0493
584,0.050543
585,0.032098
586,0.032098
587,0.032098
588,0.05517
589,0.058205
590,0.058205
591,0.050116
592,0.029363
593,0.029363
594,0.046782
595,0.046782
596,0.087272
597,0.09404
598,0.112672
599,0.117065
600,0.094022
601,0.068896
602,0.059566
603,0.05659
604,0.058547
605,0.058425
606,0.058425
607,0.05774
608,0.037337
609,0.037337
610,0.046836
611,0.05651
612,0.068895
613,0.073755
614,0.075475
615,0.059597
616,0.049889
617,0.049889
618,0.065901
619,0.070295
620,0.072314
621,0.067223
622,0.057998
623,0.042583
624,0.042583
625,0.031534
626,0.031534
627,0.046647
628,0.045474
629,0.045474
630,0.033036
631,0.033036
632,0.033036
633,0.056072
634,0.056072
635,0.060312
636,0.037507
637,0.034632
638,0.034632
639,0.034632
640,0.064384
641,0.082524
642,0.112624
643,0.124353
644,0.119379
645,0.102027
646,0.063331
647,0.051639
648,0.054735
649,0.05583
650,0.055611
651,0.053662
652,0.053662
653,0.044673
654,0.044673
655,0.045579
656,0.054987
657,0.054987
658,0.067624
659,0.067313
660,0.057239
661,0.057239
662,0.051439
663,0.063537
664,0.068693
665,0.072834
666,0.076247
667,0.063901
668,0.041845
669,0.041845
670,0.03089
671,0.03089
672,0.047325
673,0.047325
674,0.051032
675,0.031404
676,0.031404
677,0.031404
678,0.056595
679,0.060511
680,0.060511
681,0.057761
682,0.035444
683,0.035444
684,0.039004
685,0.039004
686,0.088716
687,0.104194
688,0.128793
689,0.120367
690,0.099047
691,0.064635
692,0.053304
693,0.053304
694,0.061498
695,0.060318
696,0.053858
697,0.045483
698,0.045483
699,0.039313
700,0.051059
701,0.051059
702,0.066961
703,0.071633
704,0.068489
705,0.055028
706,0.042337
707,0.050126
708,0.050126
709,0.074836
710,0.068249
711,0.06667
712,0.06526
713,0.039775
714,0.039775
715,0.028862
716,0.028862
717,0.048627
718,0.048627
719,0.045849
720,0.027662
721,0.027662
722,0.027662
723,0.056515
724,0.056515
725,0.064772
726,0.036978
727,0.032632
728,0.032632
729,0.032632
730,0.069772
731,0.083009
732,0.095271
733,0.112806
734,0.114146
735,0.099943
736,0.063387
737,0.062626
738,0.058025
739,0.067075
740,0.060167
741,0.052809
742,0.052809
743,0.050736
744,0.038259
745,0.038259
746,0.069393
747,0.072136
748,0.074422
749,0.071918
750,0.056481
751,0.046392
752,0.046392
753,0.056717
754,0.064158
755,0.08083
756,0.079496
757,0.068128
758,0.041795
759,0.041795
760,0.029617
761,0.029617
762,0.048688
763,0.043433
764,0.043433
765,0.034521
766,0.034521
767,0.034521
768,0.059535
769,0.059535
770,0.060116
771,0.040503
772,0.037049
773,0.037049
774,0.037049
775,0.065777
776,0.08399
777,0.094603
778,0.108022
779,0.116191
780,0.102143
781,0.061851
782,0.060163
783,0.061428
784,0.059384
785,0.063516
786,0.063516
787,0.053726
788,0.035883
789,0.035883
790,0.049742
791,0.063105
792,0.075682
793,0.073037
794,0.069824
795,0.06602
796,0.048435
797,0.048435
798,0.068756
799,0.074835
800,0.078705
801,0.071214
802,0.058257
803,0.04707
804,0.026416
805,0.026416
806,0.042249
807,0.042249
808,0.04752
809,0.04752
810,0.035435
811,0.035435
812,0.031225
813,0.031225
814,0.0586
815,0.049438
816,0.049438
817,0.041533
818,0.041533
819,0.040523
820,0.040523
821,0.080512
822,0.100677
823,0.114594
824,0.106983
825,0.094245
826,0.055624
827,0.049961
828,0.05282
829,0.052299
830,0.052299
831,0.054002
832,0.047614
833,0.033246
834,0.033246
835,0.050969
836,0.050969
837,0.073403
838,0.077828
839,0.074135
840,0.058703
841,0.043173
842,0.051242
843,0.055571
844,0.055571
845,0.069999
846,0.0755
847,0.058596
848,0.040147
849,0.026698
850,0.026698
851,0.037759
852,0.037759
853,0.044476
854,0.044476
855,0.034656
856,0.034656
857,0.032666
858,0.032666
859,0.057838
860,0.046116
861,0.046116
862,0.0401
863,0.0401
864,0.038789
865,0.038789
866,0.086773
867,0.105358
868,0.121073
869,0.13878
870,0.104141
871,0.07028
872,0.061467
873,0.061323
874,0.061323
875,0.059969
876,0.047558
877,0.04723
878,0.03469
879,0.03469
880,0.049147
881,0.049147
882,0.076975
883,0.075332
884,0.073164
885,0.059332
886,0.059332
887,0.058871
888,0.064348
889,0.064572
890,0.068997
891,0.071497
892,0.064249
893,0.040777
894,0.040777
895,0.03215
896,0.03215
897,0.049948
898,0.049948
899,0.044368
900,0.044368
901,0.029372
902,0.029372
903,0.07105
904,0.07105
905,0.060497
906,0.040322
907,0.040322
908,0.035083
909,0.035083
910,0.06078
911,0.090675
912,0.107787
913,0.118207
914,0.123902
915,0.099435
916,0.053126
917,0.055952
918,0.066349
919,0.05918
920,0.05918
921,0.057763
922,0.044311
923,0.036653
924,0.036653
925,0.047202
926,0.047202
927,0.061971
928,0.070102
929,0.069468
930,0.055974
931,0.041159
932,0.049057
933,0.049057
934,0.070137
935,0.073165
936,0.073039
937,0.068562
938,0.047932
939,0.029768
940,0.029768
941,0.045727
942,0.045727
943,0.04613
944,0.034454
945,0.034454
946,0.032011
947,0.032011
948,0.032011
949,0.060996
950,0.049516
951,0.035933
952,0.035933
953,0.030365
954,0.030365
955,0.065309
956,0.080011
957,0.097793
958,0.108034
959,0.115341
960,0.102271
961,0.056561
962,0.054493
963,0.054493
964,0.064019
965,0.068728
966,0.051642
967,0.042584
968,0.035826
969,0.035826
970,0.049555
971,0.049555
972,0.068588
973,0.082856
974,0.067051
975,0.051806
976,0.041653
977,0.049509
978,0.049509
979,0.066993
980,0.071342
981,0.069168
982,0.064608
983,0.042638
984,0.026208
985,0.026208
986,0.026208
987,0.052118
988,0.044929
989,0.044929
990,0.037341
991,0.037341
992,0.037341
993,0.05298
994,0.05298
995,0.053964
996,0.040949
997,0.032455
998,0.032455
999,0.032455
