103451
4218
4240
3384
3773
4176
3706
3679
16977
15885
10456
8686
1487
1070
1061
869
870
1198
1304
1156
1001
863
758
892
1061
1442
1621
1634
1582
1969
2033
2817
4445
5344
5609
7432
6474
3039
1395
2932
1994
1190
920
950
887
921
1854
2761
2735
2817
2822
2457
2329
7156
7841
7301
3892
1153
826
767
699
715
917
1316
1703
2064
1477
832
814
936
1199
1476
1720
1665
2021
2153
2813
4184
5050
5322
6951
6091
2974
1395
2821
2066
1305
998
961
882
900
1817
2754
2882
2897
2976
2566
2293
7119
7895
7237
3699
1120
844
838
782
790
978
1315
1745
2148
1513
828
803
879
1130
1403
1622
1650
1972
2193
2867
4107
4999
5637
7185
6212
3068
1442
2650
1985
1238
899
939
903
929
1783
2579
2689
2731
2749
2444
2254
6957
7703
7204
3793
1165
828
848
755
716
878
1262
1652
2026
1459
786
819
934
1192
1403
1621
1636
1953
2180
2855
4104
5143
5855
7615
6327
3037
1379
2819
2054
1298
940
908
817
868
1725
2714
2850
2855
2929
2545
2254
7215
8005
7429
3958
1128
828
797
702
713
890
1268
1657
2032
1454
782
802
923
1137
1422
1602
1642
1908
2045
2620
3765
4638
5044
6560
5782
2968
1360
2672
1940
1236
952
919
911
940
1861
2688
2804
2726
2759
2537
2297
7141
8021
7376
3926
1124
842
854
708
707
837
1179
1623
2011
1497
825
816
913
1154
1444
1685
1667
2012
2149
2818
4164
5103
5428
7259
6140
3030
1407
2834
2046
1266
978
995
929
988
1923
2846
2775
2776
2836
2456
2212
7033
8020
7147
3620
1118
841
928
796
750
909
1248
1732
2080
1481
825
821
874
1105
1382
1630
1619
1981
2134
2847
4281
5154
5576
7409
6215
3042
1370
2813
2006
1267
899
884
865
934
1796
2762
2885
2866
2884
2504
2262
7156
8138
7174
3716
1109
806
783
710
715
873
1217
1617
2037
1410
783
775
883
1085
1355
1577
1573
1935
2103
2795
4137
5115
5626
7023
5819
2884
1364
2753
1915
1240
945
990
898
940
1819
2688
2694
2797
2770
2384
2178
6794
7763
7258
3714
1064
789
834
724
735
920
1214
1630
1998
1481
838
842
932
1159
1430
1614
1654
1964
2128
2835
4173
5135
5475
7173
6061
2902
1365
2764
1968
1241
945
917
879
912
1786
2912
3089
2957
2957
2532
2297
7142
7927
7245
3913
1172
861
830
751
734
910
1231
1632
2095
1497
811
794
873
1091
1365
1583
1591
1877
2114
2751
4030
4890
5468
7121
6062
3002
1427
2728
1980
1276
933
912
897
903
1786
2738
2777
2864
2937
2564
2326
7219
7925
7170
3707
1170
817
811
719
723
914
1279
1664
2058
1477
782
804
851
1118
1377
1649
1622
1898
2148
2881
4084
5027
5777
7320
6008
3036
1386
2639
1933
1202
923
963
940
951
1860
2770
2774
2792
