0,0.15
1,0.12514666666667
2,0.126174
3,0.13201266666666
4,0.13564700000001
5,0.13275633333333
6,0.14155533333333
7,0.12337466666666
8,0.13333333333333
9,0.13333333333333
10,0.13333333333333
11,0.13333333333333
12,0.13945633333334
13,0.12941
14,0.134685
15,0.135514
16,0.133956
17,0.130355
18,0.13222133333333
19,0.14
20,0.13555966666667
21,0.13049833333333
22,0.12521433333333
23,0.146944
24,0.12671533333333
25,0.12864633333333
26,0.140795
27,0.12816233333333
28,0.12916666666667
29,0.14258066666667
30,0.12833333333333
31,0.144094
32,0.12359433333333
33,0.12766033333333
34,0.139839
35,0.141502
36,0.12156033333333
37,0.14166666666667
38,0.12301066666667
39,0.140414
40,0.135886
41,0.12284333333333
42,0.14
43,0.136159
44,0.135236
45,0.136503
46,0.12083333333333
47,0.1375
48,0.1375
49,0.1375
50,0.12374666666667
51,0.12817033333333
52,0.144182
53,0.12979633333333
54,0.12909633333333
55,0.14444444444444
56,0.12708333333333
57,0.12529822222222
58,0.13333333333333
59,0.13333333333333
60,0.14375
61,0.12708333333333
62,0.12916666666667
63,0.14375
64,0.12291666666667
65,0.14030733333334
66,0.13201466666667
67,0.12767799999999
68,0.13852900000001
69,0.13990866666667
70,0.12579333333333
71,0.13352933333333
72,0.12890633333333
73,0.14583333333333
74,0.12129833333334
75,0.14444444444444
76,0.12777777777778
77,0.12777777777778
78,0.14037766666667
79,0.135953
80,0.128303
81,0.132981
82,0.128815
83,0.134431
84,0.132364
85,0.14906366666667
86,0.129938
87,0.125609
88,0.131552
89,0.131016
90,0.14031566666667
91,0.13055555555556
92,0.13050044444444
93,0.14318566666667
94,0.127088
95,0.12916666666667
96,0.13165299999999
97,0.14583333333333
98,0.12916666666667
99,0.12835300000001
100,0.1452380952381
101,0.12440157142857
102,0.12857142857143
103,0.13176923809523
104,0.1452380952381
105,0.12857142857143
106,0.12857142857143
107,0.14056671428572
108,0.12857142857143
109,0.12857142857143
110,0.14150080952381
111,0.14058366666667
112,0.120522
113,0.13739366666667
114,0.13753666666667
115,0.12237266666666
116,0.13958333333333
117,0.12708333333333
118,0.14005933333334
119,0.127374
120,0.14129266666667
121,0.134061
122,0.12387966666666
123,0.14089100000001
124,0.126355
125,0.14074074074074
126,0.12534659259259
127,0.14749400000001
128,0.124465
129,0.14074074074074
130,0.12380952380952
131,0.1406674021164
132,0.12282333333333
133,0.13888888888889
134,0.13666666666667
135,0.13541944444445
136,0.12235833333333
137,0.13611111111111
138,0.13611111111111
139,0.13666666666667
140,0.13987577777778
141,0.120218
142,0.13666666666667
143,0.13666666666667
144,0.13666666666667
145,0.13636363636364
146,0.13373436363636
147,0.11969696969697
148,0.13636363636364
149,0.13666666666667
150,0.13666666666667
151,0.13666666666667
152,0.12
153,0.13666666666667
154,0.13664339393939
155,0.13636363636364
156,0.12748703030303
157,0.13199866666667
158,0.13121966666667
159,0.14289733333333
160,0.13333333333333
161,0.132201
162,0.13333333333333
163,0.13333333333333
164,0.13194444444444
165,0.13333333333333
166,0.13333333333333
167,0.13333333333333
168,0.13634688888889
169,0.13333333333333
170,0.13196733333333
171,0.13194444444444
172,0.12384488888888
173,0.13333333333333
174,0.14249500000001
175,0.13786833333333
176,0.125
177,0.138857
178,0.13615533333333
179,0.12291666666667
180,0.13785933333333
181,0.13939393939394
182,0.11997006060606
183,0.13632733333333
184,0.13303333333333
185,0.13278433333333
186,0.1375
187,0.13611111111111
188,0.12372822222222
189,0.13611111111111
190,0.13666666666667
191,0.13784655555556
192,0.12627266666667
193,0.14363533333333
194,0.11946766666666
195,0.13703703703704
196,0.13703703703704
197,0.12592592592593
198,0.13666666666667
199,0.13703703703704
200,0.13703703703704
201,0.12259259259259
202,0.13703703703704
203,0.13703703703704
204,0.13666666666667
205,0.13068792592593
206,0.13291633333333
207,0.142054
208,0.12439733333333
209,0.136391
210,0.12322533333333
211,0.134167
212,0.14763266666667
213,0.125805
214,0.13708666666667
215,0.12777777777778
216,0.12777777777778
217,0.14444444444444
218,0.134926
219,0.12777777777778
220,0.14092955555556
221,0.121486
222,0.12977666666666
223,0.13714566666667
224,0.141493
225,0.137847
226,0.11943433333333
227,0.133866
228,0.13333333333333
229,0.13333333333333
230,0.13648733333333
231,0.134024
232,0.141097
233,0.12425233333333
234,0.139954
235,0.12263133333333
236,0.13712933333333
237,0.13407633333333
238,0.13
239,0.14583333333333
240,0.12916666666667
241,0.13519733333333
242,0.129665
243,0.13631466666667
244,0.122414
245,0.139412
246,0.13333333333333
247,0.13221566666667
248,0.12777777777778
249,0.13256588888888
250,0.14989666666667
251,0.122297
252,0.13758933333333
253,0.130645
254,0.13333333333333
255,0.13829533333333
256,0.13333333333333
257,0.13333333333333
258,0.13333333333333
259,0.136282
260,0.13483133333333
261,0.12794433333333
262,0.122219
263,0.13333333333333
264,0.14166666666667
265,0.125
266,0.13809
267,0.14358566666667
268,0.122242
269,0.13888888888889
270,0.125
271,0.14398111111111
272,0.128066
273,0.14166666666667
274,0.125
275,0.14166666666667
276,0.11847966666666
277,0.13867966666667
278,0.14449833333333
279,0.12491766666667
280,0.14105433333333
281,0.12101666666667
282,0.13180466666667
283,0.145149
284,0.13058833333333
285,0.12777777777778
286,0.13390455555556
287,0.13562933333333
288,0.12597566666667
289,0.14280433333333
290,0.13731233333333
291,0.13333333333333
292,0.13333333333333
293,0.124909
294,0.13333333333333
295,0.13472222222222
296,0.13472222222222
297,0.12538122222222
298,0.14841533333333
299,0.13101966666667
300,0.120179
301,0.13333333333333
302,0.13333333333333
303,0.13333333333333
304,0.13333333333333
305,0.13333333333333
306,0.133099
307,0.13333333333333
308,0.13943766666667
309,0.14115833333333
310,0.12329666666667
311,0.14166666666667
312,0.125
313,0.14166666666667
314,0.125
315,0.14166666666667
316,0.125
317,0.14166666666667
318,0.12132733333333
319,0.14036566666667
320,0.13333333333333
321,0.13333333333333
322,0.134423
323,0.12899266666667
324,0.13611111111111
325,0.13571428571429
326,0.13541666666667
327,0.13518518518519
328,0.135
329,0.12084708465608
330,0.14060633333333
331,0.13057666666667
332,0.13888888888889
333,0.12075877777777
334,0.13333333333333
335,0.142116
336,0.12455066666666
337,0.140211
338,0.130869
339,0.13508733333333
340,0.1375
341,0.13666666666667
342,0.12
343,0.138999
344,0.13534766666667
345,0.12531933333333
346,0.14031733333334
347,0.1375
348,0.13509366666667
349,0.13476833333333
350,0.13365233333333
351,0.13156633333333
352,0.12521333333333
353,0.13672833333333
354,0.14014566666667
355,0.119028
356,0.13888888888889
357,0.13594677777778
358,0.1375
359,0.12222222222222
360,0.14022444444444
361,0.14085166666667
362,0.130478
363,0.125
364,0.12916666666667
365,0.14757
366,0.128541
367,0.12857142857143
368,0.12769223809524
369,0.13867766666667
370,0.127989
371,0.14166666666667
372,0.13888888888889
373,0.12013577777778
374,0.14560933333333
375,0.13333333333333
376,0.13470333333333
377,0.124508
378,0.13732666666667
379,0.13685066666667
380,0.121648
381,0.1375
382,0.1375
383,0.13390966666667
384,0.13666666666667
385,0.12037037037037
386,0.1375
387,0.13703703703704
388,0.13445259259259
389,0.13666666666667
390,0.120393
391,0.13666666666667
392,0.143396
393,0.123755
394,0.132226
395,0.145375
396,0.13220833333333
397,0.125
398,0.14166666666667
399,0.125
400,0.13807933333333
401,0.13171733333333
402,0.13668033333333
403,0.12229966666667
404,0.13333333333333
405,0.13333333333333
406,0.13444733333333
407,0.13253766666667
408,0.14681733333333
409,0.12809866666667
410,0.13225866666667
411,0.13129566666667
412,0.13
413,0.13268833333333
414,0.13283366666667
415,0.14761904761905
416,0.13095238095238
417,0.13095238095238
418,0.13095238095238
419,0.13055555555556
420,0.13095238095238
421,0.13095238095238
422,0.14761904761905
423,0.13095238095238
424,0.13055555555556
425,0.13055555555556
426,0.13055555555556
427,0.12951306349206
428,0.14268233333333
429,0.12470266666667
430,0.13619633333333
431,0.13633633333333
432,0.13176733333333
433,0.12784233333333
434,0.13506633333333
435,0.143339
436,0.12952833333333
437,0.134259
438,0.131587
439,0.135007
440,0.12395066666666
441,0.13888888888889
442,0.13888888888889
443,0.13303755555556
444,0.13609433333333
445,0.13236433333333
446,0.13
447,0.12405933333333
448,0.13333333333333
449,0.13333333333333
450,0.13333333333333
451,0.14879933333334
452,0.12962962962963
453,0.12916666666667
454,0.12911337037037
455,0.131096
456,0.133545
457,0.14522466666667
458,0.129773
459,0.125763
460,0.13397266666667
461,0.13140366666667
462,0.14064933333333
463,0.13776333333333
464,0.13413233333333
465,0.13270433333333
466,0.120597
467,0.13666666666667
468,0.1375
469,0.13703703703704
470,0.12212962962963
471,0.13703703703704
472,0.1375
473,0.13703703703704
474,0.13703703703704
475,0.12037037037037
476,0.14701751851852
477,0.13333333333333
478,0.11904761904762
479,0.13571428571429
480,0.13679576190476
481,0.12676766666667
482,0.13793166666667
483,0.14192833333333
484,0.12976466666667
485,0.13213566666667
486,0.12857142857143
487,0.1452380952381
488,0.12671080952381
489,0.13861233333333
490,0.12211466666667
491,0.13599233333333
492,0.14166666666667
493,0.12291933333333
494,0.14039333333333
495,0.125
496,0.14524633333333
497,0.13432033333333
498,0.129741
499,0.122428
500,0.14444444444444
501,0.12916666666667
502,0.12777777777778
503,0.14444444444444
504,0.12777777777778
505,0.12777777777778
506,0.13905944444444
507,0.13135666666667
508,0.126489
509,0.14129866666667
510,0.125368
511,0.14166666666667
512,0.125
513,0.14166666666667
514,0.125
515,0.13416966666667
516,0.13258833333333
517,0.133242
518,0.13333333333333
519,0.138849
520,0.13888888888889
521,0.13743677777778
522,0.13409233333333
523,0.13188233333333
524,0.11944444444444
525,0.14584522222222
526,0.13141333333333
527,0.13432966666667
528,0.12115133333333
529,0.06666666666667
530,0.05394033333334
531,0.06272633333333
532,0.05833333333333
533,0.00969033333334
534,0.01530966666666
535,0.00093512499006
536,0.00833333333333
537,0.00833333333333
538,0.00833333333333
539,0.00833333333333
540,0.00833333333333
541,0.00833333333333
542,0.00833333333333
543,0.00833333333333
544,0.00833333333333
545,0.00833333333333
546,0.00833333333333
547,0.00833333333333
548,0.00833333333333
549,0.00833333333333
550,0.00833333333333
551,0.00833333333333
552,0.00833333333333
553,0.00833333333333
554,0.00833333333333
555,0.00833333333333
556,0.00833333333333
557,0.00833333333333
558,0.00833333333333
559,0.00833333333333
560,0.00833333333333
561,0.00833333333333
562,0.00833333333333
563,0.00833333333333
564,0.00833333333333
565,0.00833333333333
566,0.00833333333333
567,0.00833333333333
568,0.00833333333333
569,0.00833333333333
570,0.00833333333333
571,0.00833333333333
572,0.00833333333333
573,0.00833333333333
574,0.00833333333333
575,0.00833333333333
576,0.00833333333333
577,0.00833333333333
578,0.00829020834327
579,0.00833333333333
580,0.00833333333333
581,0.00833333333333
582,0.00833333333333
583,0.00833333333333
584,0.00833333333333
585,0.00833333333333
586,0.00833333333333
587,0.00833333333333
588,0.008316
589,0.00833333333333
590,0.00833333333333
591,0.00833333333333
592,0.00833333333333
593,0.00833333333333
594,0.00833333333333
595,0.00833333333333
596,0.00833333333333
597,0.00833333333333
598,0.00833333333333
599,0.00833333333333
600,0.00833333333333
601,0.00833333333333
602,0.00833333333333
603,0.00833333333333
604,0.00833333333333
605,0.00833333333333
606,0.00833333333333
607,0.00833333333333
608,0.00833333333333
609,0.00833333333333
610,0.00833333333333
611,0.00833333333333
612,0.00833333333333
613,0.00833333333333
614,0.00833333333333
615,0.00833333333333
616,0.00833333333333
617,0.00833333333333
618,0.00833333333333
619,0.00833333333333
620,0.00833333333333
621,0.00833333333333
622,0.00833333333333
623,0.00833333333333
624,0.00833333333333
625,0.00833333333333
626,0.00833333333333
627,0.00833333333333
628,0.00833333333333
629,0.00833333333333
630,0.00833333333333
631,0.00833333333333
632,0.00833333333333
633,0.00833333333333
634,0.00833333333333
635,0.00833333333333
636,0.00833333333333
637,0.00833333333333
638,0.00833333333333
639,0.00833333333333
640,0.00833333333333
641,0.00833333333333
642,0.00833333333333
643,0.00833333333333
644,0.00831866666667
645,0.00833333333333
646,0.00833333333333
647,0.00833333333333
648,0.00833333333333
649,0.00833333333333
650,0.00833333333333
651,0.00833333333333
652,0.00833333333333
653,0.00833333333333
654,0.00833333333333
655,0.00833333333333
656,0.00833333333333
657,0.00833333333333
658,0.00833166666667
659,0.00833333333333
660,0.00833333333333
661,0.00833333333333
662,0.00833333333333
663,0.00833333333333
664,0.00833333333333
665,0.00833333333333
666,0.00833333333333
667,0.00833333333333
668,0.00833333333333
669,0.00833333333333
670,0.00833333333333
671,0.00833333333333
672,0.00833333333333
673,0.00833333333333
674,0.00833333333333
675,0.00833333333333
676,0.00833333333333
677,0.00833333333333
678,0.00833333333333
679,0.00833333333333
680,0.00833333333333
681,0.00833333333333
682,0.00833333333333
683,0.00833333333333
684,0.00833333333333
685,0.00833333333333
686,0.00833333333333
687,0.00833333333333
688,0.00833333333333
689,0.00833333333333
690,0.00833333333333
691,0.00833333333333
692,0.00833333333333
693,0.00833333333333
694,0.00832133333333
695,0.00833333333333
696,0.00833333333333
697,0.00833333333333
698,0.00833333333333
699,0.00833333333333
700,0.00833333333333
701,0.00833333333333
702,0.00833333333333
703,0.00833333333333
704,0.00833333333333
705,0.00833333333333
706,0.00833333333333
707,0.00833333333333
708,0.00833333333333
709,0.00833333333333
710,0.00833333333333
711,0.00833333333333
712,0.00833333333333
713,0.00833333333333
714,0.00833333333333
715,0.00833333333333
716,0.00833333333333
717,0.00833333333333
718,0.00833333333333
719,0.00833333333333
720,0.00833333333333
721,0.00833333333333
722,0.00833333333333
723,0.00833333333333
724,0.00833333333333
725,0.00833333333333
726,0.00833333333333
727,0.00833333333333
728,0.00833333333333
729,0.00833333333333
730,0.00833333333333
731,0.00833333333333
732,0.00833333333333
733,0.00833333333333
734,0.00833333333333
735,0.00833333333333
736,0.00833333333333
737,0.00833333333333
738,0.00833333333333
739,0.00833333333333
740,0.00833333333333
741,0.00833333333333
742,0.00833333333333
743,0.00833333333333
744,0.00833333333333
745,0.00833333333333
746,0.00833333333333
747,0.00833333333333
748,0.00833333333333
749,0.00833333333333
750,0.00833333333333
751,0.00833333333333
752,0.008265
753,0.00833333333333
754,0.00833333333333
755,0.00833333333333
756,0.00833333333333
757,0.00833333333333
758,0.00833333333333
759,0.00833333333333
760,0.00833333333333
761,0.00833333333333
762,0.00833333333333
763,0.00833333333333
764,0.00833333333333
765,0.00833333333333
766,0.00833333333333
767,0.00833333333333
768,0.00833333333333
769,0.00833333333333
770,0.00833333333333
771,0.00833333333333
772,0.00833333333333
773,0.00833333333333
774,0.00833333333333
775,0.00833333333333
776,0.00833333333333
777,0.00833333333333
778,0.00833333333333
779,0.00833333333333
780,0.00833333333333
781,0.00833333333333
782,0.00833333333333
783,0.00833333333333
784,0.00833333333333
785,0.00833333333333
786,0.00833333333333
787,0.00833333333333
788,0.00833333333333
789,0.00833333333333
790,0.00833333333333
791,0.00833333333333
792,0.00833333333333
793,0.00833333333333
794,0.00833333333333
795,0.00833333333333
796,0.00833333333333
797,0.00833333333333
798,0.00833333333333
799,0.00833333333333
800,0.00833333333333
801,0.00833333333333
802,0.00833333333333
803,0.00833333333333
804,0.00833333333333
805,0.00833333333333
806,0.00833333333333
807,0.00833333333333
808,0.00833333333333
809,0.00833333333333
810,0.00833333333333
811,0.00833333333333
812,0.00833333333333
813,0.00833333333333
814,0.00833333333333
815,0.00833333333333
816,0.00833333333333
817,0.00833333333333
818,0.00833333333333
819,0.00833333333333
820,0.00833333333333
821,0.00833333333333
822,0.00833333333333
823,0.00833333333333
824,0.00833333333333
825,0.00833333333333
826,0.00833333333333
827,0.00833333333333
828,0.00833333333333
829,0.00833333333333
830,0.00833333333333
831,0.00833333333333
832,0.00833333333333
833,0.00833333333333
834,0.00833333333333
835,0.00833333333333
836,0.00833333333333
837,0.00833333333333
838,0.00833333333333
839,0.00833333333333
840,0.00833333333333
841,0.00833333333333
842,0.00833333333333
843,0.00833333333333
844,0.00833333333333
845,0.00833333333333
846,0.00833333333333
847,0.00833333333333
848,0.00833333333333
849,0.00833333333333
850,0.00833333333333
851,0.00833333333333
852,0.00833333333333
853,0.00833333333333
854,0.00833333333333
855,0.00833333333333
856,0.00833333333333
857,0.00833333333333
858,0.00833333333333
859,0.00833333333333
860,0.00833333333333
861,0.00833333333333
862,0.00833333333333
863,0.00833333333333
864,0.00833333333333
865,0.00833333333333
866,0.00833333333333
867,0.00833333333333
868,0.00833333333333
869,0.00833333333333
870,0.00833333333333
871,0.00833333333333
872,0.00833333333333
873,0.00833333333333
874,0.00833333333333
875,0.00833333333333
876,0.00833333333333
877,0.00833333333333
878,0.00833333333333
879,0.00833333333333
880,0.00833333333333
881,0.00833333333333
882,0.00833333333333
883,0.00833333333333
884,0.00833333333333
885,0.00833333333333
886,0.00833333333333
887,0.00833333333333
888,0.00833333333333
889,0.00833333333333
890,0.00833333333333
891,0.00833333333333
892,0.00833333333333
893,0.00833333333333
894,0.00833333333333
895,0.00833333333333
896,0.00833333333333
897,0.00833333333333
898,0.00833333333333
899,0.00833333333333
900,0.00833333333333
901,0.00833333333333
902,0.00833333333333
903,0.00833333333333
904,0.00833333333333
905,0.00833333333333
906,0.00833333333333
907,0.00833333333333
908,0.00833333333333
909,0.00833333333333
910,0.00833333333333
911,0.00833333333333
912,0.00833333333333
913,0.00833333333333
914,0.00833333333333
915,0.00833333333333
916,0.00833333333333
917,0.00833333333333
918,0.00833333333333
919,0.00833333333333
920,0.00833333333333
921,0.00833333333333
922,0.00833333333333
923,0.00833333333333
924,0.00833333333333
925,0.00833333333333
926,0.00833333333333
927,0.00833333333333
928,0.00833333333333
929,0.00833333333333
930,0.00833333333333
931,0.00833333333333
932,0.00833333333333
933,0.00833333333333
934,0.00833333333333
935,0.00833333333333
936,0.00833333333333
937,0.00833333333333
938,0.00833333333333
939,0.00833333333333
940,0.00833333333333
941,0.00833333333333
942,0.00833333333333
943,0.00833333333333
944,0.00833333333333
945,0.00833333333333
946,0.00833333333333
947,0.00833333333333
948,0.00833333333333
949,0.00833333333333
950,0.00833333333333
951,0.00833333333333
952,0.00833333333333
953,0.00833333333333
954,0.00833333333333
955,0.00833333333333
956,0.00833333333333
957,0.00833333333333
958,0.00833333333333
959,0.00833333333333
960,0.00833333333333
961,0.00833333333333
962,0.00833333333333
963,0.00833333333333
964,0.00833333333333
965,0.00833333333333
966,0.00833333333333
967,0.00833333333333
968,0.00833333333333
969,0.00833333333333
970,0.00833333333333
971,0.00833333333333
972,0.00833333333333
973,0.00833333333333
974,0.00833333333333
975,0.00833333333333
976,0.00833333333333
977,0.00833333333333
978,0.00833333333333
979,0.00833333333333
980,0.00833333333333
981,0.00833333333333
982,0.00833333333333
983,0.00833333333333
984,0.00833333333333
985,0.00833333333333
986,0.00833333333333
987,0.00833333333333
988,0.00833333333333
989,0.00833333333333
990,0.00833333333333
991,0.00833333333333
992,0.00833333333333
993,0.00833333333333
994,0.00833333333333
995,0.00833333333333
996,0.008312
997,0.00833333333333
998,0.00833333333333
999,0.00833333333333
1000,0.00833333333333
1001,0.00833333333333
1002,0.00833333333333
1003,0.00833333333333
1004,0.00833333333333
1005,0.00833333333333
1006,0.00833333333333
1007,0.00833333333333
1008,0.00833333333333
1009,0.00833333333333
1010,0.00833333333333
1011,0.00833333333333
1012,0.00833333333333
1013,0.00833333333333
1014,0.00833333333333
1015,0.00833333333333
1016,0.00833333333333
1017,0.00833333333333
1018,0.00833333333333
1019,0.00833333333333
1020,0.00833333333333
1021,0.00833333333333
1022,0.00833333333333
1023,0.00833333333333
1024,0.00833333333333
1025,0.00833333333333
1026,0.00833333333333
1027,0.00833333333333
1028,0.00833333333333
1029,0.00833333333333
1030,0.00833333333333
1031,0.00833333333333
1032,0.00833333333333
1033,0.00833333333333
1034,0.00833333333333
1035,0.00833333333333
1036,0.00833333333333
1037,0.00833333333333
1038,0.00833333333333
1039,0.00833333333333
1040,0.00833333333333
1041,0.00833333333333
1042,0.00833333333333
1043,0.00833333333333
1044,0.00833333333333
1045,0.00833333333333
1046,0.00833333333333
1047,0.00833333333333
1048,0.00833333333333
1049,0.00833333333333
1050,0.00833333333333
1051,0.00833333333333
1052,0.00833333333333
1053,0.00833333333333
1054,0.00833333333333
1055,0.00833333333333
1056,0.00833333333333
1057,0.00833333333333
1058,0.00833333333333
1059,0.00833333333333
1060,0.00833333333333
1061,0.00833333333333
1062,0.00833333333333
1063,0.00833333333333
1064,0.00833333333333
1065,0.00833333333333
1066,0.00833333333333
1067,0.00833333333333
1068,0.00833333333333
1069,0.00833333333333
1070,0.00833333333333
1071,0.00833333333333
1072,0.00833333333333
1073,0.00833333333333
1074,0.00833333333333
1075,0.00833333333333
1076,0.00833333333333
1077,0.00833333333333
1078,0.00833333333333
1079,0.00833333333333
1080,0.00833333333333
1081,0.00833333333333
1082,0.00833333333333
1083,0.00833333333333
1084,0.00833333333333
1085,0.00833333333333
1086,0.00833333333333
1087,0.00833333333333
1088,0.00833333333333
1089,0.00833333333333
1090,0.00833333333333
1091,0.00833333333333
1092,0.00830133333333
1093,0.00833333333333
1094,0.00833333333333
1095,0.00833333333333
1096,0.00833333333333
1097,0.00833333333333
1098,0.00833333333333
1099,0.00833333333333
1100,0.00833333333333
1101,0.00833333333333
1102,0.00833333333333
1103,0.00833333333333
1104,0.00833333333333
1105,0.00833333333333
1106,0.00833333333333
1107,0.00833333333333
1108,0.00833333333333
1109,0.00833333333333
1110,0.00833333333333
1111,0.00833333333333
1112,0.00833333333333
1113,0.00833333333333
1114,0.00833333333333
1115,0.00833333333333
1116,0.00833333333333
1117,0.00833333333333
1118,0.00833333333333
1119,0.00833333333333
1120,0.00833333333333
1121,0.00833333333333
1122,0.00833333333333
1123,0.00833333333333
1124,0.00833333333333
1125,0.00833333333333
1126,0.00833333333333
1127,0.00833333333333
1128,0.00833333333333
1129,0.00833333333333
1130,0.00833333333333
1131,0.00833333333333
1132,0.00833333333333
1133,0.00833333333333
1134,0.00833333333333
1135,0.00833333333333
1136,0.00833333333333
1137,0.00833333333333
1138,0.00833333333333
1139,0.00833333333333
1140,0.00833333333333
1141,0.00833333333333
1142,0.00833333333333
1143,0.00833333333333
1144,0.00833333333333
1145,0.00833333333333
1146,0.00833333333333
1147,0.00833333333333
1148,0.00833333333333
1149,0.00833333333333
1150,0.00833333333333
1151,0.00833333333333
1152,0.00833333333333
1153,0.00833333333333
1154,0.00833333333333
1155,0.00833333333333
1156,0.00833333333333
1157,0.00833333333333
1158,0.00833333333333
1159,0.00833333333333
1160,0.00833333333333
1161,0.00833333333333
1162,0.00833333333333
1163,0.00833333333333
1164,0.00833333333333
1165,0.00833333333333
1166,0.00833333333333
1167,0.00833333333333
1168,0.00833333333333
1169,0.00833333333333
1170,0.00833333333333
1171,0.00833333333333
1172,0.00833333333333
1173,0.00833333333333
1174,0.00833333333333
1175,0.00833333333333
1176,0.00833333333333
1177,0.00833333333333
1178,0.00833333333333
1179,0.00833333333333
1180,0.00833333333333
1181,0.00833333333333
1182,0.00833333333333
1183,0.00833333333333
1184,0.00833333333333
1185,0.00833333333333
1186,0.008328
1187,0.00833333333333
1188,0.00833333333333
1189,0.00833333333333
1190,0.00833333333333
1191,0.00833333333333
1192,0.00833333333333
1193,0.00833333333333
1194,0.00833333333333
1195,0.00833333333333
1196,0.00833333333333
1197,0.00833333333333
1198,0.00833333333333
1199,0.00833333333333
1200,0.00833333333333
1201,0.00833333333333
1202,0.00833333333333
1203,0.00833333333333
1204,0.00833333333333
1205,0.00833333333333
1206,0.00833333333333
1207,0.00833333333333
1208,0.00833333333333
1209,0.00833333333333
1210,0.00833333333333
1211,0.00833333333333
1212,0.00833333333333
1213,0.00833333333333
1214,0.00833333333333
1215,0.00833333333333
1216,0.00833333333333
1217,0.00833333333333
1218,0.00833333333333
1219,0.00833333333333
1220,0.00833333333333
1221,0.00833333333333
1222,0.00833333333333
1223,0.00833333333333
1224,0.00833333333333
1225,0.00833333333333
1226,0.00833333333333
1227,0.00833333333333
1228,0.00833333333333
1229,0.00833333333333
1230,0.00833333333333
1231,0.00833333333333
1232,0.00833333333333
1233,0.00833333333333
1234,0.00833333333333
1235,0.00833333333333
1236,0.00833333333333
1237,0.00833333333333
1238,0.00833333333333
1239,0.00833333333333
1240,0.00833333333333
1241,0.00833333333333
1242,0.00833333333333
1243,0.00833333333333
1244,0.00833333333333
1245,0.00833333333333
1246,0.00833333333333
1247,0.00833333333333
1248,0.00833333333333
1249,0.00833333333333
1250,0.00833333333333
1251,0.00833333333333
1252,0.00833333333333
1253,0.00833333333333
1254,0.00833333333333
1255,0.00833333333333
1256,0.00833333333333
1257,0.00833333333333
1258,0.00833333333333
1259,0.00833333333333
1260,0.00833333333333
1261,0.00833333333333
1262,0.00833333333333
1263,0.00833333333333
1264,0.00830433333333
1265,0.00833333333333
1266,0.00833333333333
1267,0.00833333333333
1268,0.00833333333333
1269,0.00833333333333
1270,0.00833333333333
1271,0.00833333333333
1272,0.00833333333333
1273,0.00833333333333
1274,0.00833333333333
1275,0.00833333333333
1276,0.00833333333333
1277,0.00833333333333
1278,0.00833333333333
1279,0.00833333333333
1280,0.00833333333333
1281,0.00833333333333
1282,0.00833333333333
1283,0.00833333333333
1284,0.00833333333333
1285,0.00833333333333
1286,0.00833333333333
1287,0.00833333333333
1288,0.00833333333333
1289,0.00833333333333
1290,0.00833333333333
1291,0.00833333333333
1292,0.00833333333333
1293,0.00833333333333
1294,0.00833333333333
1295,0.00833333333333
1296,0.00833333333333
1297,0.00833333333333
1298,0.00833333333333
1299,0.00833333333333
1300,0.00833333333333
1301,0.00833333333333
1302,0.00833333333333
1303,0.00833333333333
1304,0.00833333333333
1305,0.00833333333333
1306,0.00833333333333
1307,0.00833333333333
1308,0.00833333333333
1309,0.00833333333333
1310,0.00833333333333
1311,0.00833333333333
1312,0.00833333333333
1313,0.00833333333333
1314,0.00833333333333
1315,0.00833333333333
1316,0.00833333333333
1317,0.00833333333333
1318,0.00833333333333
1319,0.00833333333333
1320,0.00833333333333
1321,0.00833333333333
1322,0.00833333333333
1323,0.00833333333333
1324,0.00833333333333
1325,0.00833333333333
1326,0.00833333333333
1327,0.00833333333333
1328,0.00833333333333
1329,0.00833333333333
1330,0.00833333333333
1331,0.00833333333333
1332,0.00833333333333
1333,0.00833333333333
1334,0.00833333333333
1335,0.00833333333333
1336,0.00833333333333
1337,0.00833333333333
1338,0.00833333333333
1339,0.00833333333333
1340,0.00833333333333
1341,0.00833333333333
1342,0.00833333333333
1343,0.00833333333333
1344,0.00833333333333
1345,0.00833333333333
1346,0.00833333333333
1347,0.00833333333333
1348,0.00833333333333
1349,0.00833333333333
1350,0.00833333333333
1351,0.00833333333333
1352,0.00833333333333
1353,0.00833333333333
1354,0.00833333333333
1355,0.00833333333333
1356,0.00833333333333
1357,0.00833333333333
1358,0.00833333333333
1359,0.00833333333333
1360,0.00833333333333
1361,0.00833333333333
1362,0.00833333333333
1363,0.00833333333333
1364,0.00833333333333
1365,0.00833333333333
1366,0.00833333333333
1367,0.00833333333333
1368,0.00833333333333
1369,0.00833333333333
1370,0.00833333333333
1371,0.00833333333333
1372,0.00833333333333
1373,0.00833333333333
1374,0.00833333333333
1375,0.00833333333333
1376,0.00833333333333
1377,0.00833333333333
1378,0.00833333333333
1379,0.00833333333333
1380,0.00833333333333
1381,0.00833333333333
1382,0.00833333333333
1383,0.00833333333333
1384,0.00833333333333
1385,0.00833333333333
1386,0.00833333333333
1387,0.00833333333333
1388,0.00833333333333
1389,0.00833333333333
1390,0.00833333333333
1391,0.00833333333333
1392,0.00833333333333
1393,0.00833333333333
1394,0.00833333333333
1395,0.00833333333333
1396,0.00833333333333
1397,0.00833333333333
1398,0.00833333333333
1399,0.00833333333333
1400,0.00833333333333
1401,0.00833333333333
1402,0.00833333333333
1403,0.00833333333333
1404,0.00833333333333
1405,0.00833333333333
1406,0.00833333333333
1407,0.00833333333333
1408,0.00833333333333
1409,0.00833333333333
1410,0.00833333333333
1411,0.00833333333333
1412,0.00833333333333
1413,0.00833333333333
1414,0.00833333333333
1415,0.00833333333333
1416,0.00833333333333
1417,0.00833333333333
1418,0.00833333333333
1419,0.00833333333333
1420,0.00833333333333
1421,0.00833333333333
1422,0.00833333333333
1423,0.00833333333333
1424,0.00833333333333
1425,0.00833333333333
1426,0.00833333333333
1427,0.00833333333333
1428,0.00833333333333
1429,0.00833333333333
1430,0.00833333333333
1431,0.00833333333333
1432,0.00833333333333
1433,0.00833333333333
1434,0.00833333333333
1435,0.00833333333333
1436,0.00833333333333
1437,0.00833333333333
1438,0.00833333333333
1439,0.00833333333333
1440,0.00833333333333
1441,0.00833333333333
1442,0.00833333333333
1443,0.00833333333333
1444,0.00833333333333
1445,0.00833333333333
1446,0.00833333333333
1447,0.00833333333333
1448,0.00833333333333
1449,0.00833333333333
1450,0.00833333333333
1451,0.00833333333333
1452,0.00833333333333
1453,0.00833333333333
1454,0.00833333333333
1455,0.00833333333333
1456,0.00833333333333
1457,0.00833333333333
1458,0.00833333333333
1459,0.00833333333333
1460,0.00833333333333
1461,0.00833333333333
1462,0.00833333333333
1463,0.00833333333333
1464,0.00833333333333
1465,0.00833333333333
1466,0.00833333333333
1467,0.00833333333333
1468,0.00833333333333
1469,0.00833333333333
1470,0.00833333333333
1471,0.00833333333333
1472,0.00833333333333
1473,0.00833333333333
1474,0.00833333333333
1475,0.00833333333333
1476,0.00833333333333
1477,0.00833333333333
1478,0.00833333333333
1479,0.00833333333333
1480,0.00830133333333
1481,0.00833333333333
1482,0.00833333333333
1483,0.00833333333333
1484,0.00833333333333
1485,0.00833333333333
1486,0.00833333333333
1487,0.00833333333333
1488,0.00833333333333
1489,0.00833333333333
1490,0.00833333333333
1491,0.00833333333333
1492,0.00833333333333
1493,0.00833333333333
1494,0.00833333333333
1495,0.00833333333333
1496,0.00833333333333
1497,0.00833333333333
1498,0.00833333333333
1499,0.00833333333333
1500,0.00833333333333
1501,0.00833333333333
1502,0.00833333333333
1503,0.00833333333333
1504,0.00833333333333
1505,0.00833333333333
1506,0.00833333333333
1507,0.00833333333333
1508,0.00833333333333
1509,0.00833333333333
1510,0.00833333333333
1511,0.00833333333333
1512,0.00833333333333
1513,0.00833333333333
1514,0.00833333333333
1515,0.00833333333333
1516,0.00833333333333
1517,0.00833333333333
1518,0.00833333333333
1519,0.00833333333333
1520,0.00833333333333
1521,0.00833333333333
1522,0.00833333333333
1523,0.00833333333333
1524,0.00833333333333
1525,0.00833333333333
1526,0.00833333333333
1527,0.00833333333333
1528,0.00833333333333
1529,0.00833333333333
1530,0.00833333333333
1531,0.00833333333333
1532,0.00833333333333
1533,0.00833333333333
1534,0.00833333333333
1535,0.00833333333333
1536,0.00833333333333
1537,0.00833333333333
1538,0.00833333333333
1539,0.00833333333333
1540,0.00833333333333
1541,0.00833333333333
1542,0.00833333333333
1543,0.00833333333333
1544,0.00833333333333
1545,0.00833333333333
1546,0.00833333333333
1547,0.00833333333333
1548,0.00833333333333
1549,0.00833333333333
1550,0.00833333333333
1551,0.00833333333333
1552,0.00833333333333
1553,0.00833333333333
1554,0.00833333333333
1555,0.00833333333333
1556,0.00833333333333
1557,0.00833333333333
1558,0.00833333333333
1559,0.00833333333333
1560,0.00833333333333
1561,0.00833333333333
1562,0.00833333333333
1563,0.00833333333333
1564,0.00833333333333
1565,0.00833333333333
1566,0.00833333333333
1567,0.00833333333333
1568,0.00833333333333
1569,0.00833333333333
1570,0.00833333333333
1571,0.00833333333333
1572,0.00833333333333
1573,0.00833333333333
1574,0.00833333333333
1575,0.00833333333333
1576,0.00833333333333
1577,0.00833333333333
1578,0.00830666666667
1579,0.00833333333333
1580,0.00833333333333
1581,0.00833333333333
1582,0.00833333333333
1583,0.00833333333333
1584,0.00833333333333
1585,0.00833333333333
1586,0.00833333333333
1587,0.00833333333333
1588,0.00833333333333
1589,0.00833333333333
1590,0.00833333333333
1591,0.00833333333333
1592,0.00833333333333
1593,0.00833333333333
1594,0.00833333333333
1595,0.00833333333333
1596,0.00833333333333
1597,0.00833333333333
1598,0.00833333333333
1599,0.00833333333333
1600,0.00833333333333
1601,0.00833333333333
1602,0.00833333333333
1603,0.00833333333333
1604,0.00833333333333
1605,0.00833333333333
1606,0.00833333333333
1607,0.00833333333333
1608,0.00833333333333
1609,0.00833333333333
1610,0.00833333333333
1611,0.00833333333333
1612,0.00833333333333
1613,0.00833333333333
1614,0.00833333333333
1615,0.00833333333333
1616,0.00833333333333
1617,0.00833333333333
1618,0.00833333333333
1619,0.00833333333333
1620,0.00833333333333
1621,0.00833333333333
1622,0.00833333333333
1623,0.00833333333333
1624,0.008327
1625,0.00833333333333
1626,0.00833333333333
1627,0.00833333333333
1628,0.00833333333333
1629,0.00833333333333
1630,0.00833333333333
1631,0.00833333333333
1632,0.00833333333333
1633,0.00833333333333
1634,0.00833333333333
1635,0.00833333333333
1636,0.00833333333333
1637,0.00833333333333
1638,0.00833333333333
1639,0.00833333333333
1640,0.00833333333333
1641,0.00833333333333
1642,0.00833333333333
1643,0.00833333333333
1644,0.00833333333333
1645,0.00833333333333
1646,0.00833333333333
1647,0.00833333333333
1648,0.00833333333333
1649,0.00833333333333
1650,0.00833333333333
1651,0.00833333333333
1652,0.00833333333333
1653,0.00833333333333
1654,0.00833333333333
1655,0.00833333333333
1656,0.00833333333333
1657,0.00833333333333
1658,0.00833333333333
1659,0.00833333333333
1660,0.00833333333333
1661,0.00833333333333
1662,0.00833333333333
1663,0.00833333333333
1664,0.00833333333333
1665,0.00833333333333
1666,0.00833333333333
1667,0.00833333333333
1668,0.00833333333333
1669,0.00833333333333
1670,0.00833333333333
1671,0.00833333333333
1672,0.00833333333333
1673,0.00833333333333
1674,0.00833333333333
1675,0.00833333333333
1676,0.00833333333333
1677,0.00833333333333
1678,0.00831733333333
1679,0.00833333333333
1680,0.00833333333333
1681,0.00833333333333
1682,0.00833333333333
1683,0.00833333333333
1684,0.00833333333333
1685,0.00833333333333
1686,0.00833333333333
1687,0.00833333333333
1688,0.00833333333333
1689,0.00833333333333
1690,0.00833333333333
1691,0.00833333333333
1692,0.00833333333333
1693,0.00833333333333
1694,0.00833333333333
1695,0.00833333333333
1696,0.00833333333333
1697,0.00833333333333
1698,0.00833333333333
1699,0.00833333333333
1700,0.00833333333333
1701,0.00833333333333
1702,0.00833333333333
1703,0.00833333333333
1704,0.00833333333333
1705,0.00833333333333
1706,0.00833333333333
1707,0.00833333333333
1708,0.00833333333333
1709,0.00833333333333
1710,0.00833333333333
1711,0.00833333333333
1712,0.00833333333333
1713,0.00833333333333
1714,0.00833333333333
1715,0.00833333333333
1716,0.00833333333333
1717,0.00833333333333
1718,0.00833333333333
1719,0.00833333333333
1720,0.00833333333333
1721,0.00833333333333
1722,0.00833333333333
1723,0.00833333333333
1724,0.00833333333333
1725,0.00833333333333
1726,0.00833333333333
1727,0.00833333333333
1728,0.00833333333333
1729,0.00833333333333
1730,0.00833333333333
1731,0.00833333333333
1732,0.00833333333333
1733,0.00833333333333
1734,0.00833333333333
1735,0.00833333333333
1736,0.00833333333333
1737,0.00833333333333
1738,0.00833333333333
1739,0.00833333333333
1740,0.00833333333333
1741,0.00833333333333
1742,0.00833333333333
1743,0.00833333333333
1744,0.00833333333333
1745,0.00833333333333
1746,0.00833333333333
1747,0.00833333333333
1748,0.00833333333333
1749,0.00833333333333
1750,0.00833333333333
1751,0.00833333333333
1752,0.00833333333333
1753,0.00833333333333
1754,0.00833333333333
1755,0.00833333333333
1756,0.00833333333333
1757,0.00833333333333
1758,0.00833333333333
1759,0.00833333333333
1760,0.00833333333333
1761,0.00833333333333
1762,0.00833333333333
1763,0.00833333333333
1764,0.00833333333333
1765,0.00833333333333
1766,0.00833333333333
1767,0.00833333333333
1768,0.00833333333333
1769,0.00833333333333
1770,0.00833333333333
1771,0.00833333333333
1772,0.00833333333333
1773,0.00833333333333
1774,0.00833333333333
1775,0.00833333333333
1776,0.00833333333333
1777,0.00833333333333
1778,0.00833333333333
1779,0.00833333333333
1780,0.00833333333333
1781,0.00833333333333
1782,0.00833333333333
1783,0.00833333333333
1784,0.00833333333333
1785,0.00833333333333
1786,0.00833333333333
1787,0.00833333333333
1788,0.00833333333333
1789,0.00833333333333
1790,0.00833333333333
1791,0.00833333333333
1792,0.00833333333333
1793,0.00833333333333
1794,0.00833333333333
1795,0.00833333333333
1796,0.00833333333333
1797,0.00833333333333
1798,0.00833333333333
1799,0.00833333333333
1800,0.00833333333333
1801,0.00833333333333
1802,0.00833333333333
1803,0.00833333333333
1804,0.00833333333333
1805,0.00833333333333
1806,0.00833333333333
1807,0.00833333333333
1808,0.00833333333333
1809,0.00833333333333
1810,0.00833333333333
1811,0.00833333333333
1812,0.00833333333333
1813,0.00833333333333
1814,0.00833333333333
1815,0.00833333333333
1816,0.00833333333333
1817,0.00833333333333
1818,0.00833333333333
1819,0.00833333333333
1820,0.00833333333333
1821,0.00833333333333
1822,0.00833333333333
1823,0.00833333333333
1824,0.00833333333333
1825,0.00833333333333
1826,0.00833333333333
1827,0.00833333333333
1828,0.00833333333333
1829,0.00833333333333
1830,0.00833333333333
1831,0.00833333333333
1832,0.00833333333333
1833,0.00833333333333
1834,0.00833333333333
1835,0.00833333333333
1836,0.00833333333333
1837,0.00833333333333
1838,0.00833333333333
1839,0.00833333333333
1840,0.00833333333333
1841,0.00833333333333
1842,0.00833333333333
1843,0.00833333333333
1844,0.00833333333333
1845,0.00833333333333
1846,0.00833333333333
1847,0.00833333333333
1848,0.00833333333333
1849,0.00833333333333
1850,0.00833333333333
1851,0.00833333333333
1852,0.00833033333333
1853,0.00833333333333
1854,0.00833333333333
1855,0.00833333333333
1856,0.00833333333333
1857,0.00833333333333
1858,0.00833333333333
1859,0.00833333333333
1860,0.00833333333333
1861,0.00833333333333
1862,0.00833333333333
1863,0.00833333333333
1864,0.00833333333333
1865,0.00833333333333
1866,0.00833333333333
1867,0.00833333333333
1868,0.00833333333333
1869,0.00833333333333
1870,0.00833333333333
1871,0.00833333333333
1872,0.00833333333333
1873,0.00833333333333
1874,0.00833333333333
1875,0.00833333333333
1876,0.00833333333333
1877,0.00833333333333
1878,0.00833333333333
1879,0.00833333333333
1880,0.00833333333333
1881,0.00833333333333
1882,0.00833333333333
1883,0.00833333333333
1884,0.00833333333333
1885,0.00833333333333
1886,0.00833333333333
1887,0.00833333333333
1888,0.00833333333333
1889,0.00833333333333
1890,0.00833333333333
1891,0.00833333333333
1892,0.00833333333333
1893,0.00833333333333
1894,0.00833333333333
1895,0.00833333333333
1896,0.00833333333333
1897,0.00833333333333
1898,0.00833333333333
1899,0.00833333333333
1900,0.00833333333333
1901,0.00833333333333
1902,0.00833333333333
1903,0.00833333333333
1904,0.00833333333333
1905,0.00833333333333
1906,0.00833333333333
1907,0.00833333333333
1908,0.00833333333333
1909,0.00833333333333
1910,0.00833333333333
1911,0.00833333333333
1912,0.00833333333333
1913,0.00833333333333
1914,0.00833333333333
1915,0.00833333333333
1916,0.00833333333333
1917,0.00833333333333
1918,0.00833333333333
1919,0.00833333333333
1920,0.00833333333333
1921,0.00833333333333
1922,0.00833333333333
1923,0.00833333333333
1924,0.00833333333333
1925,0.00833333333333
1926,0.00833333333333
1927,0.00833333333333
1928,0.00833333333333
1929,0.00833333333333
1930,0.00833333333333
1931,0.00833333333333
1932,0.00833333333333
1933,0.00833333333333
1934,0.00833333333333
1935,0.00833333333333
1936,0.00833333333333
1937,0.00833333333333
1938,0.00833333333333
1939,0.00833333333333
1940,0.00833333333333
1941,0.00833333333333
1942,0.00833333333333
1943,0.00833333333333
1944,0.00833333333333
1945,0.00833333333333
1946,0.00833333333333
1947,0.00833333333333
1948,0.00833333333333
1949,0.00833333333333
1950,0.00833333333333
1951,0.00833333333333
1952,0.00833333333333
1953,0.00833333333333
1954,0.00832433333333
1955,0.00833333333333
1956,0.00833333333333
1957,0.00833333333333
1958,0.00833333333333
1959,0.00833333333333
1960,0.00833333333333
1961,0.00833333333333
1962,0.00833333333333
1963,0.00833333333333
1964,0.008305
1965,0.00833333333333
1966,0.00833333333333
1967,0.00833333333333
1968,0.00833333333333
1969,0.00833333333333
1970,0.00833333333333
1971,0.00833333333333
1972,0.00833333333333
1973,0.00833333333333
1974,0.00833333333333
1975,0.00833333333333
1976,0.00831933333333
1977,0.00833333333333
1978,0.00833333333333
1979,0.00833333333333
1980,0.00833333333333
1981,0.00833333333333
1982,0.00833333333333
1983,0.00833333333333
1984,0.00833333333333
1985,0.00833333333333
1986,0.00833333333333
1987,0.00833333333333
1988,0.00833333333333
1989,0.00833333333333
1990,0.00833333333333
1991,0.00833333333333
1992,0.00833333333333
1993,0.00833333333333
1994,0.00833333333333
1995,0.00833333333333
1996,0.00833333333333
1997,0.00833333333333
1998,0.00833333333333
1999,0.00833333333333
