0,0.14393633333333
1,0.138329
2,0.123005
3,0.128063
4,0.13950133333333
5,0.12716533333333
6,0.13333333333333
7,0.139806
8,0.12686066666667
9,0.140542
10,0.14044333333333
11,0.12686766666667
12,0.14040533333333
13,0.134273
14,0.11988433333333
15,0.13091766666667
16,0.13333333333333
17,0.13333333333333
18,0.13333333333333
19,0.14096233333333
20,0.13987333333333
21,0.12028433333333
22,0.13560766666667
23,0.13149
24,0.14004366666667
25,0.13933766666667
26,0.13573433333333
27,0.12650866666667
28,0.140158
29,0.11666666666667
30,0.13385133333333
31,0.13281533333333
32,0.13608633333333
33,0.144341
34,0.12636433333333
35,0.13703766666667
36,0.12483633333333
37,0.13750233333333
38,0.13166633333333
39,0.13128866666667
40,0.13257266666667
41,0.13163766666667
42,0.15
43,0.119327
44,0.13985766666667
45,0.12420366666667
46,0.13327833333333
47,0.140671
48,0.12599566666667
49,0.13333333333333
50,0.14366666666667
51,0.12636433333333
52,0.141024
53,0.12279833333333
54,0.14406133333333
55,0.13307766666667
56,0.126262
57,0.13013866666667
58,0.14453133333333
59,0.121409
60,0.13566033333333
61,0.13710166666667
62,0.13145333333333
63,0.13141633333333
64,0.14755133333333
65,0.12980333333333
66,0.134954
67,0.12678766666667
68,0.125272
69,0.13333333333333
70,0.13833666666667
71,0.12833
72,0.13387833333333
73,0.149455
74,0.11910333333333
75,0.137152
76,0.127078
77,0.134533
78,0.13237133333333
79,0.13465533333333
80,0.14753
81,0.124704
82,0.12620633333333
83,0.139592
84,0.13493866666667
85,0.131279
86,0.12752366666667
87,0.13853966666667
88,0.13372133333333
89,0.13432433333333
90,0.126748
91,0.14393633333333
92,0.124675
93,0.13521466666667
94,0.13965666666667
95,0.12785033333333
96,0.144406
97,0.11852833333333
98,0.137753
99,0.139762
100,0.13686166666667
101,0.12091466666667
102,0.13569466666667
103,0.14474666666667
104,0.12731866666667
105,0.12677333333333
106,0.12924133333333
107,0.14013166666667
108,0.140814
109,0.12562033333333
110,0.13971533333333
111,0.137052
112,0.13054966666667
113,0.123508
114,0.13507033333333
115,0.12777333333333
116,0.140261
117,0.12916666666667
118,0.14700433333333
119,0.12229
120,0.12771
121,0.14144933333333
122,0.13322933333333
123,0.12532133333333
124,0.14749033333333
125,0.135843
126,0.12261333333333
127,0.12738666666667
128,0.13856533333333
129,0.12834266666667
130,0.14119133333333
131,0.125234
132,0.13576666666667
133,0.14011166666667
134,0.13426966666667
135,0.13251433333333
136,0.135511
137,0.12780733333333
138,0.13186866666667
139,0.134144
140,0.12800666666667
141,0.13876266666667
142,0.134215
143,0.139987
144,0.129878
145,0.14049066666667
146,0.11715966666667
147,0.13441266666667
148,0.143578
149,0.138102
150,0.12163566666667
151,0.133182
152,0.12859666666667
153,0.13651766666667
154,0.137557
155,0.142592
156,0.12648033333333
157,0.12351966666667
158,0.13333333333333
159,0.13333333333333
160,0.14052066666667
161,0.126146
162,0.14166666666667
163,0.14166666666667
164,0.12962333333333
165,0.12037666666667
166,0.14163766666667
167,0.12507333333333
168,0.140599
169,0.13333333333333
170,0.14269
171,0.13087033333333
172,0.12642066666667
173,0.12604233333333
174,0.140812
175,0.12687566666667
176,0.13231233333333
177,0.13405633333333
178,0.14166666666667
179,0.13218166666667
180,0.13296033333333
181,0.13097833333333
182,0.13143933333333
183,0.13017966666667
184,0.13320433333333
185,0.13333333333333
186,0.13861366666667
187,0.135962
188,0.141698
189,0.12330033333333
190,0.13558366666667
191,0.12484233333333
192,0.13981933333333
193,0.143514
194,0.13187633333333
195,0.12331466666667
196,0.13311833333333
197,0.13090533333333
198,0.13078533333333
199,0.13333333333333
200,0.148758
201,0.13099166666667
202,0.12025033333333
203,0.13333333333333
204,0.13947666666667
205,0.12719
206,0.13333333333333
207,0.14320066666667
208,0.14013266666667
209,0.12743033333333
210,0.12298266666667
211,0.13292033333333
212,0.138179
213,0.12942833333333
214,0.139855
215,0.13942466666667
216,0.13644633333333
217,0.13333333333333
218,0.12594866666667
219,0.12405133333333
220,0.13905066666667
221,0.13470733333333
222,0.13779166666667
223,0.13845033333333
224,0.13333333333333
225,0.118529
226,0.13160933333333
227,0.13401533333333
228,0.13543966666667
229,0.13071066666667
230,0.13302933333333
231,0.13809833333333
232,0.137577
233,0.140347
234,0.12430633333333
235,0.14300466666667
236,0.12424033333333
237,0.13567666666667
238,0.13703433333333
239,0.136382
240,0.130452
241,0.12679866666667
242,0.13017933333333
243,0.12934133333333
244,0.139144
245,0.139342
246,0.138076
247,0.12484633333333
248,0.12515366666667
249,0.13333333333333
250,0.13704
251,0.142802
252,0.12249733333333
253,0.14766066666667
254,0.127458
255,0.12775566666667
256,0.13431333333333
257,0.13176233333333
258,0.12871066666667
259,0.13419366666667
260,0.14913966666667
261,0.13333333333333
262,0.11666666666667
263,0.13422666666667
264,0.13244
265,0.13333333333333
266,0.13333333333333
267,0.14436833333333
268,0.12229833333333
269,0.1375
270,0.13074433333333
271,0.13178433333333
272,0.13330466666667
273,0.13616133333333
274,0.13381466666667
275,0.1375
276,0.14155833333333
277,0.12771866666667
278,0.13333333333333
279,0.13333333333333
280,0.13991366666667
281,0.11711333333333
282,0.13288666666667
283,0.14385566666667
284,0.13947766666667
285,0.127025
286,0.122975
287,0.1412
288,0.138169
289,0.12076233333333
290,0.141535
291,0.141667
292,0.11666666666667
293,0.13333333333333
294,0.13716866666667
295,0.129498
296,0.13333333333333
297,0.13333333333333
298,0.15
299,0.13333333333333
300,0.129257
301,0.12579166666667
302,0.13045133333333
303,0.135388
304,0.129112
305,0.141736
306,0.14159733333333
307,0.12192766666667
308,0.12807233333333
309,0.13642366666667
310,0.130243
311,0.135616
312,0.14166666666667
313,0.125
314,0.135378
315,0.1445
316,0.13096533333333
317,0.129263
318,0.13553166666667
319,0.12739233333333
320,0.12802033333333
321,0.13667733333333
322,0.134801
323,0.141433
324,0.12052133333333
325,0.14196833333333
326,0.124599
327,0.14096966666667
328,0.14170166666667
329,0.13023833333333
330,0.12042366666666
331,0.13333333333333
332,0.13333333333333
333,0.13333333333333
334,0.13812833333333
335,0.12853833333333
336,0.15
337,0.122215
338,0.13144833333333
339,0.12967
340,0.140393
341,0.139229
342,0.13397
343,0.136408
344,0.13333333333333
345,0.11666666666667
346,0.13333333333333
347,0.13333333333333
348,0.13333333333333
349,0.13848133333334
350,0.13970433333333
351,0.138481
352,0.12195733333334
353,0.12804266666666
354,0.13479466666667
355,0.131872
356,0.13333333333333
357,0.14013633333334
358,0.143197
359,0.11666666666667
360,0.13333333333333
361,0.13772666666667
362,0.129059
363,0.13410133333333
364,0.13717966666667
365,0.1286
366,0.13805266666667
367,0.138165
368,0.12403433333333
369,0.140635
370,0.13998233333333
371,0.12282766666667
372,0.12963633333333
373,0.14224933333334
374,0.141084
375,0.120104
376,0.132078
377,0.13115133333333
378,0.13333333333333
379,0.134678
380,0.138961
381,0.142104
382,0.13153
383,0.11939366666666
384,0.137953
385,0.13206333333333
386,0.12998366666666
387,0.13333333333333
388,0.14993033333334
389,0.12599666666667
390,0.124073
391,0.13987666666667
392,0.12679
393,0.13333333333333
394,0.13333333333333
395,0.13333333333333
396,0.14473266666667
397,0.128434
398,0.12683333333333
399,0.13764833333334
400,0.13721766666667
401,0.12986066666667
402,0.12860666666666
403,0.14583333333334
404,0.12083333333333
405,0.14086033333334
406,0.13330633333333
407,0.128977
408,0.145677
409,0.118578
410,0.14166666666667
411,0.13011933333333
412,0.137159
413,0.12389833333333
414,0.138755
415,0.13749133333333
416,0.12879966666667
417,0.12971933333333
418,0.13165933333333
419,0.143454
420,0.130379
421,0.12799433333333
422,0.13560066666667
423,0.12923866666666
424,0.13333333333333
425,0.141862
426,0.14147133333333
427,0.132513
428,0.12070166666667
429,0.13011866666666
430,0.13739
431,0.141925
432,0.12297333333333
433,0.140527
434,0.140518
435,0.11666666666667
436,0.137576
437,0.13228666666667
438,0.13013733333333
439,0.13333333333333
440,0.13333333333333
441,0.14941233333334
442,0.11725433333333
443,0.13333333333333
444,0.133992
445,0.13585066666667
446,0.13270566666667
447,0.130785
448,0.13985833333334
449,0.1375
450,0.13322833333333
451,0.13037133333333
452,0.137267
453,0.125595
454,0.13622466666667
455,0.13818866666667
456,0.125
457,0.13782033333333
458,0.131386
459,0.138309
460,0.13925133333333
461,0.13333333333333
462,0.12411766666667
463,0.14069766666667
464,0.13518466666666
465,0.126609
466,0.13087933333333
467,0.125845
468,0.138198
469,0.133896
470,0.135552
471,0.142354
472,0.12994633333334
473,0.12005366666666
474,0.13333333333333
475,0.13333333333333
476,0.13333333333333
477,0.13375
478,0.13888888888889
479,0.13770711111111
480,0.12298733333333
481,0.13335666666667
482,0.13930366666667
483,0.12733966666666
484,0.13404366666667
485,0.137367
486,0.13874866666667
487,0.130584
488,0.13051133333333
489,0.12874533333333
490,0.13828566666667
491,0.14086233333333
492,0.120852
493,0.13716566666667
494,0.13888888888889
495,0.1375
496,0.13300977777778
497,0.12359033333333
498,0.13020033333333
499,0.13297833333333
500,0.13333333333333
501,0.13333333333333
502,0.135713
503,0.133427
504,0.138684
505,0.13183833333333
506,0.13547433333333
507,0.12914033333333
508,0.13714466666667
509,0.14191166666666
510,0.12838033333334
511,0.12161966666666
512,0.13333333333333
513,0.13333333333333
514,0.13333333333333
515,0.13531333333334
516,0.14461266666667
517,0.13674066666666
518,0.128566
519,0.121434
520,0.13333333333333
521,0.13333333333333
522,0.13608766666667
523,0.1375
524,0.143079
525,0.12132833333334
526,0.12867166666666
527,0.13333333333333
528,0.13596833333334
529,0.139916
530,0.139818
531,0.12868233333333
532,0.133099
533,0.12251633333333
534,0.13994666666667
535,0.12672
536,0.138604
537,0.135757
538,0.13623966666667
539,0.13666666666667
540,0.12884933333333
541,0.13121133333333
542,0.141224
543,0.125542
544,0.13595266666667
545,0.13520166666667
546,0.12589033333333
547,0.141594
548,0.12104033333333
549,0.147576
550,0.12746033333333
551,0.14119066666666
552,0.11666666666667
553,0.14161866666667
554,0.14171466666666
555,0.13057666666667
556,0.11942333333333
557,0.13864833333334
558,0.12801833333333
559,0.134618
560,0.138127
561,0.13705233333333
562,0.13922633333333
563,0.117643
564,0.13793266666667
565,0.128734
566,0.13542566666667
567,0.139502
568,0.140353
569,0.13398133333333
570,0.11912433333333
571,0.13894133333333
572,0.12747433333333
573,0.13186466666666
574,0.13920666666667
575,0.12746
576,0.15
577,0.13333333333333
578,0.11666666666667
579,0.13333333333333
580,0.13333333333333
581,0.13634866666667
582,0.13228933333333
583,0.14516866666667
584,0.13619333333333
585,0.13333333333333
586,0.12951966666667
587,0.13221933333333
588,0.129205
589,0.13047233333333
590,0.13419966666667
591,0.13082966666667
592,0.145947
593,0.12408233333333
594,0.13001433333333
595,0.143452
596,0.13377466666667
597,0.11961733333333
598,0.14070533333334
599,0.134435
600,0.14152633333333
601,0.11820066666667
602,0.13733733333333
603,0.13364733333333
604,0.12748133333333
605,0.136591
606,0.140514
607,0.13631733333333
608,0.119911
609,0.133567
610,0.13309966666666
611,0.135544
612,0.144175
613,0.12489733333333
614,0.14440866666667
615,0.13430833333333
616,0.12513833333334
617,0.12486166666666
618,0.13333333333333
619,0.13333333333333
620,0.13333333333333
621,0.14713466666667
622,0.13133733333333
623,0.121528
624,0.134972
625,0.13169466666666
626,0.13333333333333
627,0.13333333333333
628,0.13333333333333
629,0.14166666666667
630,0.13313333333334
631,0.12916733333333
632,0.13666666666667
633,0.131524
634,0.13264366666667
635,0.12882166666667
636,0.1375
637,0.13922933333333
638,0.134881
639,0.12203133333333
640,0.136581
641,0.146154
642,0.123607
643,0.126393
644,0.14474533333334
645,0.138588
646,0.120231
647,0.13423466666667
648,0.12968733333333
649,0.137112
650,0.128735
651,0.14166666666667
652,0.13920033333334
653,0.119133
654,0.138661
655,0.12800566666666
656,0.13718033333334
657,0.138013
658,0.137262
659,0.13679333333333
660,0.13408466666666
661,0.129619
662,0.120381
663,0.140726
664,0.138826
665,0.12077333333333
666,0.14771266666667
667,0.13160433333333
668,0.12812366666667
669,0.131408
670,0.12749266666666
671,0.13870266666667
672,0.13162633333333
673,0.13107933333333
674,0.131925
675,0.1375
676,0.13151966666667
677,0.147486
678,0.128818
679,0.121905
680,0.13993
681,0.14284133333333
682,0.12729566666667
683,0.138116
684,0.12625833333333
685,0.13888888888889
686,0.13443811111111
687,0.11865466666667
688,0.133015
689,0.15
690,0.13333333333333
691,0.12469366666667
692,0.12635
693,0.14000433333333
694,0.12561866666666
695,0.13333333333333
696,0.14166666666667
697,0.14166666666667
698,0.12926033333334
699,0.12539033333333
700,0.12868266666666
701,0.13948433333334
702,0.138634
703,0.12312733333333
704,0.14439566666667
705,0.13301933333333
706,0.12616366666667
707,0.13235366666667
708,0.13248133333333
709,0.13034066666666
710,0.13333333333333
711,0.15
712,0.13333333333333
713,0.12537733333334
714,0.12462266666666
715,0.13368166666667
716,0.132985
717,0.141486
718,0.126191
719,0.14898966666666
720,0.13333333333333
721,0.13103466666667
722,0.13224333333333
723,0.124156
724,0.12923266666666
725,0.140489
726,0.13333333333333
727,0.136858
728,0.13931966666666
729,0.13318533333334
730,0.13
731,0.13681466666666
732,0.12215633333334
733,0.12784366666666
734,0.13860833333334
735,0.139655
736,0.12173666666666
737,0.13333333333333
738,0.13774633333334
739,0.12892033333333
740,0.134456
741,0.13221066666666
742,0.14814933333334
743,0.135184
744,0.12311633333334
745,0.12688366666666
746,0.13333333333333
747,0.13333333333333
748,0.13591333333334
749,0.14742
750,0.12738866666667
751,0.12261133333333
752,0.13406566666667
753,0.14081733333333
754,0.125117
755,0.14056933333334
756,0.12685533333333
757,0.14253833333333
758,0.127234
759,0.12946966666666
760,0.13333333333333
761,0.13333333333333
762,0.13553766666667
763,0.131129
764,0.15
765,0.13333333333333
766,0.13333333333333
767,0.13333333333333
768,0.12298333333334
769,0.13066533333333
770,0.13598366666667
771,0.14225466666667
772,0.13283866666667
773,0.13450066666667
774,0.12774133333333
775,0.139699
776,0.13128733333334
777,0.13537933333333
778,0.132462
779,0.12777777777778
780,0.13752288888889
781,0.12401
782,0.12822733333333
783,0.14164366666667
784,0.12697133333333
785,0.131385
786,0.14489866666667
787,0.13526933333333
788,0.13649866666666
789,0.121649
790,0.128351
791,0.14064766666667
792,0.12723733333333
793,0.140078
794,0.13028333333333
795,0.14088233333333
796,0.122895
797,0.136632
798,0.13489766666667
799,0.12682133333333
800,0.140714
801,0.13333333333333
802,0.137082
803,0.12182933333333
804,0.13333333333333
805,0.13436533333334
806,0.13230133333333
807,0.13333333333333
808,0.13333333333333
809,0.14735666666667
810,0.12777777777778
811,0.14153222222222
812,0.12187333333334
813,0.12812666666666
814,0.13538166666667
815,0.13748966666667
816,0.12712866666666
817,0.14689166666667
818,0.136353
819,0.132468
820,0.11774633333333
821,0.141604
822,0.134279
823,0.13333333333333
824,0.13333333333333
825,0.140658
826,0.11705233333334
827,0.14018
828,0.126101
829,0.136838
830,0.137998
831,0.135089
832,0.13279133333333
833,0.140617
834,0.12756866666667
835,0.12243133333333
836,0.13333333333333
837,0.13586633333334
838,0.13080033333333
839,0.13846833333334
840,0.144865
841,0.12232
842,0.131473
843,0.13521666666667
844,0.127657
845,0.13495433333334
846,0.138697
847,0.14301533333333
848,0.11666666666667
849,0.13333333333333
850,0.13506033333334
851,0.13160633333333
852,0.13587666666667
853,0.13079
854,0.13683066666667
855,0.14121766666667
856,0.13161466666667
857,0.13235033333333
858,0.13831
859,0.120677
860,0.13330466666667
861,0.137826
862,0.136954
863,0.140915
864,0.13333333333333
865,0.12083333333333
866,0.13766866666667
867,0.13598166666667
868,0.13333333333333
869,0.128629
870,0.138195
871,0.129575
872,0.125784
873,0.13333333333333
874,0.13540733333334
875,0.133555
876,0.137714
877,0.14332366666666
878,0.12981333333334
879,0.12537866666667
880,0.12814133333333
881,0.13333333333333
882,0.13403166666667
883,0.136215
884,0.1375
885,0.14225333333333
886,0.125537
887,0.124463
888,0.13333333333333
889,0.13505233333334
890,0.137091
891,0.134644
892,0.14321266666666
893,0.13333333333333
894,0.12063366666667
895,0.13312666666667
896,0.13357566666667
897,0.12933066666666
898,0.13333333333333
899,0.15
900,0.13333333333333
901,0.13333333333333
902,0.13333333333333
903,0.12629366666667
904,0.123886
905,0.13315366666666
906,0.13333333333333
907,0.13333333333333
908,0.13456233333334
909,0.133511
910,0.138639
911,0.139941
912,0.13668
913,0.11666666666667
914,0.13612133333334
915,0.143062
916,0.137437
917,0.12417566666667
918,0.12587066666666
919,0.13936166666667
920,0.137756
921,0.1368
922,0.13608233333333
923,0.13333333333333
924,0.121618
925,0.128382
926,0.14012633333334
927,0.12654033333333
928,0.133881
929,0.14166666666667
930,0.13606033333333
931,0.131683
932,0.12454466666667
933,0.134399
934,0.13109866666666
935,0.13333333333333
936,0.13693733333334
937,0.146396
938,0.13333333333333
939,0.12803733333334
940,0.124958
941,0.13649066666667
942,0.13502433333333
943,0.12548966666666
944,0.13333333333333
945,0.14
946,0.13124
947,0.12994633333333
948,0.14632
949,0.12672
950,0.13832166666667
951,0.13190566666667
952,0.125
953,0.14340233333333
954,0.135578
955,0.12687833333333
956,0.140421
957,0.13426666666666
958,0.12065166666667
959,0.12934833333333
960,0.14171866666667
961,0.14161466666666
962,0.130636
963,0.119364
964,0.141268
965,0.140049
966,0.12131933333333
967,0.138021
968,0.142061
969,0.11728166666666
970,0.13333333333333
971,0.13333333333333
972,0.14066733333334
973,0.140812
974,0.12354233333333
975,0.136869
976,0.14144266666666
977,0.13333333333333
978,0.11666666666667
979,0.13333333333333
980,0.13896333333334
981,0.12770333333333
982,0.148185
983,0.13514833333333
984,0.12240866666667
985,0.129479
986,0.13662666666667
987,0.12988466666667
988,0.13653833333333
989,0.13280066666667
990,0.14333333333333
991,0.13483866666667
992,0.11847366666667
993,0.146429
994,0.11918733333333
995,0.134343
996,0.141562
997,0.125
998,0.14034833333333
999,0.137974
1000,0.12354733333333
1001,0.137309
1002,0.14293633333333
1003,0.11938766666667
1004,0.13092566666666
1005,0.15
1006,0.128331
1007,0.12737266666667
1008,0.12762966666666
1009,0.13333333333333
1010,0.136184
1011,0.133216
1012,0.1306
1013,0.14822866666667
1014,0.118438
1015,0.141291
1016,0.12859
1017,0.130119
1018,0.13430066666667
1019,0.132366
1020,0.15
1021,0.12791366666667
1022,0.12381466666667
1023,0.131605
1024,0.13333333333333
1025,0.13333333333333
1026,0.13640633333334
1027,0.146927
1028,0.13333333333333
1029,0.11926866666667
1030,0.132416
1031,0.13164866666666
1032,0.13751466666667
1033,0.13229933333333
1034,0.130186
1035,0.1375
1036,0.13333333333333
1037,0.1441
1038,0.13070733333333
1039,0.125183
1040,0.13353066666667
1041,0.136828
1042,0.13547033333333
1043,0.139008
1044,0.12996166666667
1045,0.13333333333333
1046,0.13333333333333
1047,0.137711
1048,0.125317
1049,0.124683
1050,0.15
1051,0.12528433333334
1052,0.13243266666667
1053,0.12561633333333
1054,0.13333333333333
1055,0.13590366666667
1056,0.134425
1057,0.12967133333333
1058,0.14200233333334
1059,0.124784
1060,0.13321366666666
1061,0.13333333333333
1062,0.13547433333334
1063,0.135295
1064,0.134066
1065,0.14516466666666
1066,0.13174633333334
1067,0.11825366666666
1068,0.138612
1069,0.12936733333333
1070,0.139293
1071,0.126061
1072,0.14333933333334
1073,0.13389966666667
1074,0.122761
1075,0.134928
1076,0.133171
1077,0.131901
1078,0.137374
1079,0.12929266666666
1080,0.142958
1081,0.13177466666667
1082,0.13119333333333
1083,0.13571428571429
1084,0.13031704761905
1085,0.13019433333333
1086,0.13321266666667
1087,0.13130233333333
1088,0.146653
1089,0.12960266666667
1090,0.13333333333333
1091,0.123884
1092,0.13982433333333
1093,0.13821133333333
1094,0.13333333333333
1095,0.13849133333333
1096,0.13333333333333
1097,0.11976733333334
1098,0.13023266666666
1099,0.14009666666667
1100,0.12657
1101,0.13519433333334
1102,0.14111933333333
1103,0.13252266666667
1104,0.129462
1105,0.13604933333333
1106,0.12565233333333
1107,0.140697
1108,0.138242
1109,0.12156833333333
1110,0.145089
1111,0.137737
1112,0.11836366666667
1113,0.131897
1114,0.13519533333333
1115,0.139256
1116,0.125288
1117,0.13333333333333
1118,0.15
1119,0.12171
1120,0.12858933333333
1121,0.135805
1122,0.13056233333333
1123,0.13333333333333
1124,0.13988
1125,0.137581
1126,0.12838533333333
1127,0.127487
1128,0.1375
1129,0.140654
1130,0.12859033333333
1131,0.13135966666667
1132,0.12856266666666
1133,0.14676166666667
1134,0.13156566666667
1135,0.12397133333333
1136,0.134903
1137,0.13400433333333
1138,0.135275
1139,0.13182533333333
1140,0.12836033333333
1141,0.15
1142,0.11891033333334
1143,0.13108966666666
1144,0.13333333333333
1145,0.134883
1146,0.140186
1147,0.141302
1148,0.130563
1149,0.133926
1150,0.12199966666667
1151,0.13047366666666
1152,0.13333333333333
1153,0.13447300000001
1154,0.13219366666666
1155,0.13539366666667
1156,0.14302133333333
1157,0.12158499999999
1158,0.13651800000001
1159,0.13403666666667
1160,0.12944533333333
1161,0.13485500000001
1162,0.13324466666667
1163,0.14326433333333
1164,0.128451
1165,0.13301133333333
1166,0.12717366666666
1167,0.13333333333333
1168,0.13708566666667
1169,0.133456
1170,0.14612499999999
1171,0.11780533333334
1172,0.13443366666667
1173,0.13898366666667
1174,0.12803566666667
1175,0.13140833333333
1176,0.13579766666667
1177,0.13928766666667
1178,0.13528666666667
1179,0.13324266666667
1180,0.13333333333333
1181,0.13333333333333
1182,0.13905199999999
1183,0.13333333333333
1184,0.12139100000001
1185,0.13796366666667
1186,0.14064533333333
1187,0.11666666666667
1188,0.13643366666667
1189,0.13831666666667
1190,0.12524966666666
1191,0.13404166666667
1192,0.135238
1193,0.14738699999999
1194,0.12669233333334
1195,0.12330766666666
1196,0.13333333333333
1197,0.13333333333333
1198,0.13792633333334
1199,0.12874033333333
1200,0.14166666666667
1201,0.14166666666667
1202,0.11666666666667
1203,0.13802400000001
1204,0.13546566666667
1205,0.12651033333333
1206,0.13668500000001
1207,0.13791
1208,0.13399966666667
1209,0.125549
1210,0.13610433333333
1211,0.12975199999999
1212,0.13840300000001
1213,0.14309633333333
1214,0.11850066666666
1215,0.14765200000001
1216,0.13568133333333
1217,0.13333333333333
1218,0.12924300000001
1219,0.12385233333333
1220,0.13356433333333
1221,0.13278966666667
1222,0.13571166666667
1223,0.13028966666667
1224,0.136716
1225,0.130885
1226,0.135059
1227,0.13155633333333
1228,0.14699966666666
1229,0.13333333333333
1230,0.13333333333333
1231,0.13111800000001
1232,0.11888199999999
1233,0.14020366666667
1234,0.12646299999999
1235,0.13425033333334
1236,0.136208
1237,0.136736
1238,0.14279266666667
1239,0.13261933333333
1240,0.12233766666667
1241,0.13613966666667
1242,0.12558299999999
1243,0.13333333333333
1244,0.13616533333334
1245,0.131504
1246,0.14802133333333
1247,0.127731
1248,0.12590533333333
1249,0.13067299999999
1250,0.13677600000001
1251,0.136818
1252,0.136151
1253,0.13285033333333
1254,0.12424233333333
1255,0.13666433333333
1256,0.12997666666667
1257,0.13318799999999
1258,0.13378000000001
1259,0.137846
1260,0.14058666666667
1261,0.13666666666667
1262,0.12459833333333
1263,0.12796633333333
1264,0.142552
1265,0.127659
1266,0.13598766666667
1267,0.13086966666667
1268,0.12815433333333
1269,0.14027200000001
1270,0.133726
1271,0.12712433333333
1272,0.146636
1273,0.12839066666667
1274,0.12385099999999
1275,0.13875066666667
1276,0.141497
1277,0.13641899999999
1278,0.12682166666667
1279,0.13037933333333
1280,0.12735033333333
1281,0.13211533333333
1282,0.13333333333333
1283,0.14434066666667
1284,0.13767533333333
1285,0.11798399999999
1286,0.13816766666667
1287,0.12849899999999
1288,0.13333333333333
1289,0.13457233333334
1290,0.132884
1291,0.142628
1292,0.133326
1293,0.12325633333333
1294,0.13333333333333
1295,0.13867800000001
1296,0.140702
1297,0.137178
1298,0.128871
1299,0.13790433333333
1300,0.12348433333334
1301,0.12651566666666
1302,0.13333333333333
1303,0.13923200000001
1304,0.12743466666666
1305,0.13888888888889
1306,0.13666666666667
1307,0.13377944444445
1308,0.13086733333333
1309,0.12745733333333
1310,0.13449233333333
1311,0.13570866666667
1312,0.13146866666667
1313,0.13067066666666
1314,0.14351300000001
1315,0.139785
1316,0.12710433333333
1317,0.139085
1318,0.12910366666667
1319,0.12140899999999
1320,0.13866066666667
1321,0.14256766666667
1322,0.13074633333333
1323,0.12734866666667
1324,0.12734333333333
1325,0.13333333333333
1326,0.13333333333333
1327,0.14017700000001
1328,0.13962
1329,0.13686966666666
1330,0.11666666666667
1331,0.13333333333333
1332,0.14084200000001
1333,0.12582466666666
1334,0.13663966666667
1335,0.13002699999999
1336,0.15
1337,0.13333333333333
1338,0.13174200000001
1339,0.12397266666667
1340,0.13029733333333
1341,0.13065466666666
1342,0.13333333333333
1343,0.14334066666667
1344,0.13999266666666
1345,0.12814600000001
1346,0.130107
1347,0.12508033333333
1348,0.13333333333333
1349,0.13333333333333
1350,0.13602233333334
1351,0.13064433333333
1352,0.13564100000001
1353,0.147242
1354,0.13333333333333
1355,0.127793
1356,0.13516266666667
1357,0.12725033333333
1358,0.12691099999999
1359,0.14234466666667
1360,0.134502
1361,0.138878
1362,0.11991933333333
1363,0.14660033333333
1364,0.11775566666666
1365,0.13964766666667
1366,0.14191466666667
1367,0.13510433333333
1368,0.11666666666667
1369,0.13833300000001
1370,0.13290133333333
1371,0.12876566666666
1372,0.13607466666667
1373,0.13059199999999
1374,0.14702400000001
1375,0.119703
1376,0.13327299999999
1377,0.13459100000001
1378,0.13207566666666
1379,0.13333333333333
1380,0.13509433333334
1381,0.14087733333333
1382,0.14069499999999
1383,0.12978466666667
1384,0.12021533333333
1385,0.13333333333333
1386,0.13533266666667
1387,0.136914
1388,0.13880366666667
1389,0.13161033333333
1390,0.12849066666667
1391,0.136912
1392,0.126756
1393,0.13184733333333
1394,0.13333333333333
1395,0.13333333333333
1396,0.13333333333333
1397,0.14279700000001
1398,0.13403666666667
1399,0.12972933333333
1400,0.13148233333333
1401,0.13209166666667
1402,0.134592
1403,0.13333333333333
1404,0.136573
1405,0.14120833333333
1406,0.12916666666667
1407,0.13
1408,0.13800833333333
1409,0.12154366666667
1410,0.13210433333333
1411,0.14747933333334
1412,0.13585399999999
1413,0.11666666666667
1414,0.13993433333334
1415,0.13457333333333
1416,0.12549233333333
1417,0.13394800000001
1418,0.14166666666667
1419,0.14105199999999
1420,0.12293866666667
1421,0.12706133333333
1422,0.13333333333333
1423,0.13601666666667
1424,0.136679
1425,0.134388
1426,0.14291633333333
1427,0.13333333333333
1428,0.11666666666667
1429,0.13620333333334
1430,0.13492833333333
1431,0.12886833333333
1432,0.13333333333333
1433,0.15
1434,0.13064833333334
1435,0.11935166666666
1436,0.14103233333334
1437,0.133509
1438,0.12563466666667
1439,0.13996833333333
1440,0.129688
1441,0.139419
1442,0.12741133333333
1443,0.13700066666667
1444,0.12952333333333
1445,0.13565433333333
1446,0.13277966666667
1447,0.12837933333333
1448,0.1375
1449,0.14203166666667
1450,0.136839
1451,0.12219033333333
1452,0.136915
1453,0.14119066666666
1454,0.12114033333334
1455,0.12885966666666
1456,0.13341933333334
1457,0.144418
1458,0.12216266666666
1459,0.13335233333334
1460,0.13796133333333
1461,0.136662
1462,0.12535766666666
1463,0.13803400000001
1464,0.14529933333333
1465,0.13333333333333
1466,0.11764633333334
1467,0.13235366666666
1468,0.13571966666667
1469,0.140895
1470,0.134468
1471,0.13734933333333
1472,0.13490133333333
1473,0.11666666666667
1474,0.13462100000001
1475,0.13955533333333
1476,0.12582366666666
1477,0.13411866666667
1478,0.137427
1479,0.13976233333333
1480,0.12202533333333
1481,0.13721266666667
1482,0.12945399999999
1483,0.13744866666667
1484,0.14449133333333
1485,0.120408
1486,0.142266
1487,0.12732033333333
1488,0.13219666666667
1489,0.13658633333333
1490,0.133581
1491,0.13069833333333
1492,0.13282166666667
1493,0.12884833333333
1494,0.14533500000001
1495,0.13154266666667
1496,0.13333333333333
1497,0.124129
1498,0.13254933333333
1499,0.14395333333333
1500,0.13333333333333
1501,0.13333333333333
1502,0.13294333333333
1503,0.125014
1504,0.133631
1505,0.13202366666667
1506,0.140005
1507,0.138462
1508,0.12159133333333
1509,0.14116066666667
1510,0.138435
1511,0.12417066666667
1512,0.12838733333333
1513,0.13333333333333
1514,0.13333333333333
1515,0.13721400000001
1516,0.134827
1517,0.13728133333333
1518,0.12401099999999
1519,0.13333333333333
1520,0.13333333333333
1521,0.13333333333333
1522,0.13333333333333
1523,0.14030966666667
1524,0.138549
1525,0.128807
1526,0.12566766666666
1527,0.13333333333333
1528,0.13333333333333
1529,0.13379266666667
1530,0.13287399999999
1531,0.15
1532,0.13333333333333
1533,0.13276933333334
1534,0.13188633333333
1535,0.132913
1536,0.1215
1537,0.13366566666667
1538,0.13905466666667
1539,0.125
1540,0.13825333333333
1541,0.137417
1542,0.12738833333333
1543,0.139786
1544,0.13351566666667
1545,0.13665966666667
1546,0.12873433333333
1547,0.14030133333333
1548,0.123359
1549,0.13127033333333
1550,0.12985933333333
1551,0.13333333333333
1552,0.13789133333334
1553,0.140136
1554,0.13503333333333
1555,0.13693933333333
1556,0.13031233333334
1557,0.12670866666667
1558,0.12631233333333
1559,0.13358133333334
1560,0.135929
1561,0.14085
1562,0.135041
1563,0.124118
1564,0.13048066666666
1565,0.13333333333333
1566,0.14086400000001
1567,0.138833
1568,0.12206833333333
1569,0.14261366666667
1570,0.12228766666666
1571,0.13333333333333
1572,0.13333333333333
1573,0.13333333333333
1574,0.14059100000001
1575,0.12607566666666
1576,0.13333333333333
1577,0.1375
1578,0.14259566666667
1579,0.12945733333333
1580,0.134299
1581,0.13909766666667
1582,0.119212
1583,0.13155366666667
1584,0.13295133333333
1585,0.13333333333333
1586,0.14444444444444
1587,0.1374318888889
1588,0.127094
1589,0.13805566666667
1590,0.12591333333333
1591,0.12963166666667
1592,0.144122
1593,0.133928
1594,0.11937899999999
1595,0.13333333333333
1596,0.13940433333334
1597,0.137746
1598,0.138106
1599,0.13474366666666
1600,0.13189433333334
1601,0.12408866666667
1602,0.13489366666667
1603,0.13063233333333
1604,0.133494
1605,0.13275
1606,0.1375
1607,0.14141366666666
1608,0.12128766666667
1609,0.13192933333333
1610,0.13011633333333
1611,0.13996766666667
1612,0.138162
1613,0.136428
1614,0.12884033333333
1615,0.130742
1616,0.13186533333333
1617,0.12732799999999
1618,0.14093433333334
1619,0.14114433333333
1620,0.11913633333333
1621,0.13573133333333
1622,0.13888888888889
1623,0.1375
1624,0.13361877777778
1625,0.12520033333333
1626,0.12894133333333
1627,0.13223766666666
1628,0.13333333333333
1629,0.1375
1630,0.14133166666667
1631,0.133502
1632,0.12487633333333
1633,0.141617
1634,0.13783966666666
1635,0.11666666666667
1636,0.13645466666667
1637,0.145956
1638,0.13425599999999
1639,0.11970666666667
1640,0.13029333333333
1641,0.13746300000001
1642,0.13932
1643,0.137384
1644,0.13583299999999
1645,0.12758600000001
1646,0.12786166666667
1647,0.12788566666666
1648,0.13764466666667
1649,0.12902199999999
1650,0.13333333333333
1651,0.13874633333334
1652,0.13639666666667
1653,0.129722
1654,0.12931433333333
1655,0.139082
1656,0.12673866666666
1657,0.13925266666667
1658,0.12741399999999
1659,0.15
1660,0.13310600000001
1661,0.11703
1662,0.13878766666667
1663,0.13412066666667
1664,0.12695566666666
1665,0.13333333333333
1666,0.13333333333333
1667,0.14333333333333
1668,0.12621500000001
1669,0.143248
1670,0.12822633333333
1671,0.129181
1672,0.14053366666667
1673,0.12358133333333
1674,0.13234799999999
1675,0.14443566666667
1676,0.137012
1677,0.13180933333333
1678,0.125
1679,0.14507633333333
1680,0.13092500000001
1681,0.13509866666667
1682,0.13397633333333
1683,0.13333333333333
1684,0.13333333333333
1685,0.11666666666667
1686,0.14033333333334
1687,0.140211
1688,0.13067033333333
1689,0.137714
1690,0.13440466666666
1691,0.11666666666667
1692,0.13656000000001
1693,0.13353066666667
1694,0.132877
1695,0.133927
1696,0.13717
1697,0.14260199999999
1698,0.13333333333333
1699,0.13333333333333
1700,0.12095433333334
1701,0.13108633333333
1702,0.138878
1703,0.12574799999999
1704,0.15
1705,0.12680600000001
1706,0.12952666666667
1707,0.12961
1708,0.13072399999999
1709,0.13333333333333
1710,0.14004933333334
1711,0.13611566666667
1712,0.12777777777778
1713,0.14166666666667
1714,0.12993622222222
1715,0.13103433333333
1716,0.129372
1717,0.13071466666666
1718,0.13333333333333
1719,0.13333333333333
1720,0.14686800000001
1721,0.13077366666667
1722,0.12467633333333
1723,0.134582
1724,0.142132
1725,0.12096799999999
1726,0.13333333333333
1727,0.14811566666668
1728,0.12952633333333
1729,0.12235799999999
1730,0.13333333333333
1731,0.13333333333333
1732,0.13791433333334
1733,0.12875233333332
1734,0.14166666666667
1735,0.14166666666667
1736,0.12299633333334
1737,0.12700366666666
1738,0.14033633333334
1739,0.12633033333332
1740,0.13361600000001
1741,0.137819
1742,0.14523166666666
1743,0.12995266666668
1744,0.12482766666667
1745,0.12859466666667
1746,0.13411933333333
1747,0.13250566666666
1748,0.13333333333333
1749,0.15
1750,0.13333333333333
1751,0.11997800000001
1752,0.13002199999999
1753,0.13333333333333
1754,0.13333333333333
1755,0.13333333333333
1756,0.13345666666668
1757,0.13320999999999
1758,0.13405233333334
1759,0.142992
1760,0.13333333333333
1761,0.131241
1762,0.14079066666667
1763,0.12588033333333
1764,0.12504366666666
1765,0.14500200000001
1766,0.135871
1767,0.11973733333333
1768,0.13333333333333
1769,0.145471
1770,0.12058533333332
1771,0.13727033333334
1772,0.14606299999999
1773,0.13006500000001
1774,0.12812966666667
1775,0.12513866666666
1776,0.13333333333333
1777,0.13698433333334
1778,0.132018
1779,0.1375
1780,0.14349766666666
1781,0.12666266666668
1782,0.12477933333333
1783,0.13189133333332
1784,0.13713466666668
1785,0.135028
1786,0.134859
1787,0.14235866666667
1788,0.12707533333333
1789,0.12649666666667
1790,0.13734366666667
1791,0.13096833333333
1792,0.137064
1793,0.12500499999999
1794,0.15
1795,0.12601300000001
1796,0.130633
1797,0.12668733333332
1798,0.13333333333333
1799,0.13333333333333
1800,0.13718766666668
1801,0.12947899999999
1802,0.14343933333334
1803,0.13333333333333
1804,0.13333333333333
1805,0.13333333333333
1806,0.12907266666667
1807,0.13308433333333
1808,0.12818566666667
1809,0.1375
1810,0.12871799999999
1811,0.14945400000001
1812,0.13041166666667
1813,0.13333333333333
1814,0.13340366666667
1815,0.12006399999999
1816,0.14145066666668
1817,0.14188266666666
1818,0.13274500000001
1819,0.119119
1820,0.13146933333332
1821,0.13333333333333
1822,0.13446766666668
1823,0.136348
1824,0.1375
1825,0.141267
1826,0.13375066666666
1827,0.11666666666667
1828,0.13333333333333
1829,0.13561633333334
1830,0.137516
1831,0.137243
1832,0.13322333333333
1833,0.13973466666666
1834,0.12240666666668
1835,0.12759333333332
1836,0.13758600000001
1837,0.136871
1838,0.12554299999999
1839,0.13333333333333
1840,0.14598000000001
1841,0.1255
1842,0.12851999999999
1843,0.13333333333333
1844,0.13661966666668
1845,0.14314833333333
1846,0.124992
1847,0.13993
1848,0.12520633333333
1849,0.13757466666667
1850,0.13456733333333
1851,0.138802
1852,0.119646
1853,0.13383166666667
1854,0.13915066666667
1855,0.12859833333333
1856,0.140364
1857,0.138025
1858,0.12178033333333
1859,0.14776366666666
1860,0.12642300000001
1861,0.13557966666667
1862,0.12151066666667
1863,0.14981999999999
1864,0.13188100000001
1865,0.12251333333333
1866,0.13089866666667
1867,0.138697
1868,0.135558
1869,0.136392
1870,0.13529066666667
1871,0.133357
1872,0.12002866666667
1873,0.13205033333332
1874,0.14105900000001
1875,0.137763
1876,0.12248333333333
1877,0.140642
1878,0.13527333333333
1879,0.12277933333332
1880,0.13333333333333
1881,0.13333333333333
1882,0.13333333333333
1883,0.13807033333334
1884,0.144046
1885,0.13455033333332
1886,0.12308600000001
1887,0.12936233333333
1888,0.13885133333333
1889,0.12883566666667
1890,0.12986466666666
1891,0.14160066666668
1892,0.136459
1893,0.12852033333333
1894,0.12798433333333
1895,0.1375
1896,0.14368666666667
1897,0.125671
1898,0.125469
1899,0.14482166666667
1900,0.13333333333333
1901,0.137533
1902,0.12457633333333
1903,0.138084
1904,0.13809399999999
1905,0.13333333333333
1906,0.12058500000001
1907,0.13368966666667
1908,0.14300733333333
1909,0.12004833333333
1910,0.13266966666666
1911,0.13879633333334
1912,0.12787033333332
1913,0.13988200000001
1914,0.13284366666667
1915,0.14076166666667
1916,0.13651266666666
1917,0.12647800000001
1918,0.124391
1919,0.13382933333333
1920,0.13196833333332
1921,0.13333333333333
1922,0.14166666666667
1923,0.14166666666667
1924,0.12472500000001
1925,0.12527499999999
1926,0.13723200000001
1927,0.13033333333333
1928,0.139442
1929,0.13273066666667
1930,0.14359533333332
1931,0.11927400000001
1932,0.13262333333333
1933,0.13143599999999
1934,0.13333333333333
1935,0.13333333333333
1936,0.13333333333333
1937,0.15
1938,0.13333333333333
1939,0.12409966666668
1940,0.13704133333333
1941,0.13571428571429
1942,0.12369571428571
1943,0.12944899999999
1944,0.14005466666668
1945,0.141807
1946,0.12656933333333
1947,0.137911
1948,0.13699133333332
1949,0.12645733333334
1950,0.14020933333332
1951,0.12911866666668
1952,0.13052866666667
1953,0.14035266666666
1954,0.12035966666668
1955,0.12964033333332
1956,0.13333333333333
1957,0.13333333333333
1958,0.13935333333334
1959,0.137135
1960,0.14017833333332
1961,0.12626466666668
1962,0.12572866666667
1963,0.13455066666667
1964,0.13287833333333
1965,0.136416
1966,0.12749499999999
1967,0.13578866666668
1968,0.14754466666666
1969,0.13301800000001
1970,0.11786366666667
1971,0.13245166666666
1972,0.13489266666668
1973,0.13269933333333
1974,0.14907466666666
1975,0.13099200000001
1976,0.12893266666667
1977,0.12340866666666
1978,0.13954866666668
1979,0.12711799999999
1980,0.13333333333333
1981,0.14056666666668
1982,0.14276666666666
1983,0.11679700000001
1984,0.140289
1985,0.13800133333333
1986,0.12917866666667
1987,0.13136266666667
1988,0.12770466666666
1989,0.13333333333333
1990,0.13333333333333
1991,0.15
1992,0.13333333333333
1993,0.13333333333333
1994,0.13333333333333
1995,0.12741766666668
1996,0.12892166666667
1997,0.14065866666667
1998,0.13633533333332
1999,0.13333333333333
