0.02
0.02
0.1333333
0.1333333
0.1072739
0.0418614
0.0287909
0.0138639
0.018975
0.0163054
0.0161852
0.0174668
0.0159771
0.0158344
0.0123871
0.0119234
0.0113288
0.0108834
0.0104257
0.0098602
0.0093633
0.008885
0.0083946
0.008325
0.0083409
0.008325
0.008325
0.0083643
0.008325
0.008325
0.008325
0.0083831
0.008325
0.008325
0.008325
0.008325
0.008325
0.008325
0.0083399
0.0083362
0.0083338
0.008325
0.0083368
0.0083342
0.008325
0.008342
0.008342
0.008325
0.0083378
0.008325
0.008325
0.008338
0.0083372
0.0083381
0.008325
0.008338
0.008325
0.008345
0.0083367
0.008325
0.008325
0.0083452
0.008325
0.0083381
0.008325
0.0083422
0.0083354
0.0083369
0.008325
0.008325
0.0083568
0.008325
0.008325
0.008325
0.0083465
0.008325
0.0083365
0.008325
0.0083358
0.008325
0.0083426
0.0083423
0.008325
0.008325
0.0083419
0.008325
0.0083367
0.008337
0.0083342
0.008325
0.0083388
0.0083335
0.0083403
0.0083452
0.008325
0.0083358
0.008325
0.008325
0.0083401
0.008325
0.0083358
0.0083391
0.008325
0.0083436
0.0083359
0.008325
0.008325
0.0083407
0.008325
0.0083381
0.0083389
0.008325
0.0083392
0.0083436
0.008325
0.008349
0.008325
0.0083374
0.008325
0.0083342
0.008325
0.008325
0.0083476
0.0083449
0.008325
0.008325
0.0083358
0.008325
0.0083409
0.008325
0.0083334
0.0083507
0.008325
0.0083588
0.008325
0.008325
0.008325
0.008325
0.008325
0.0083372
0.0083738
0.008325
0.008325
0.0083361
0.008325
0.008325
0.0083412
0.008325
0.0083556
0.008325
0.008325
0.008325
0.008325
0.0083334
0.0083401
0.008325
0.0083389
0.008325
0.0083379
0.008325
0.0083396
0.008325
0.0083414
0.0083352
0.008325
0.0083407
0.0083368
0.008325
0.0083376
0.0083352
0.0083403
0.0083469
0.008325
0.008325
0.0095356
0.0101504
0.0083427
0.0212891
0.0083872
0.0111589
0.0091514
0.008325
0.0098944
0.008325
0.0091379
0.0083606
0.008325
0.008325
0.008325
0.0088323
0.0092405
0.0106353
0.008325
0.0084678
0.0084665
0.008325
0.0088445
0.0084492
0.0083428
0.0083602
0.0087214
0.0083723
0.0092252
0.0083595
0.0208151
0.008325
0.0216482
0.0083603
0.0226023
0.0122842
0.0102795
0.0213155
0.0083439
0.0223189
0.0132083
0.0118167
0.0234896
0.0083597
0.0239538
0.0133998
0.0123997
0.0195148
0.0124499
0.0118195
0.0113998
0.0111707
0.0110422
0.010253
0.009795
0.0103375
0.0087813
0.008325
0.008325
0.0083463
0.008325
0.0083625
0.008325
0.008325
0.008325
0.0083388
0.008325
0.0083641
0.0099445
0.008325
0.008325
0.008325
0.008325
0.0083398
0.008325
0.008325
0.0083746
0.008325
0.008325
0.008325
0.008325
0.008325
0.0083763
0.008325
0.008325
0.008325
0.008325
0.0083473
0.008325
0.0083541
0.008325
0.0083382
0.008325
0.0083377
0.008325
0.008325
0.0114286
0.0118831
0.0347249
0.0145483
0.0301022
0.0235844
0.0126001
0.0191884
0.0087082
0.0093732
0.0086581
0.008325
0.008325
0.008325
0.008325
0.0083391
0.0084017
0.008325
0.008325
0.008325
0.008325
0.008325
0.008325
0.008325
0.008325
0.008325
0.008325
0.0083586
0.008325
0.0083434
0.008325
0.008325
0.008325
0.008325
0.008325
0.0083617
0.008325
0.008325
0.008325
0.0083631
0.008325
0.008325
0.008325
0.008341
0.008325
0.0083719
0.008325
0.008325
0.008325
0.008325
0.008325
0.0083597
0.008325
0.008325
0.008325
0.008325
0.0083376
0.008325
0.0083632
0.008325
0.008325
0.0083334
0.0083541
0.008325
0.008325
0.008325
0.008325
0.0083415
0.008325
0.0083569
0.008325
0.008325
0.0083432
0.008325
0.008325
0.008351
0.008325
0.008325
0.0083349
0.008325
0.0083396
0.008325
0.0083597
0.008325
0.008325
0.0083624
0.008325
0.008325
0.008325
0.0083482
0.008325
0.008325
0.008325
0.0083347
0.0083347
0.0083547
0.008325
0.0083438
0.008325
0.008325
0.0083475
0.008325
0.008325
0.008325
0.0083478
0.0083407
0.008325
0.0097519
0.0130503
0.0302347
0.0127272
0.0283981
0.0115648
0.0206244
0.0124452
0.0206802
0.008325
0.0208543
0.0105946
0.0083351
0.008325
0.008342
0.0083334
0.008325
0.008325
0.0083362
0.0083404
0.008325
0.0083346
0.008325
0.0083413
0.008325
0.0083405
0.0083335
0.0083364
0.008325
0.0083392
0.008325
0.0083402
0.0083374
0.008325
0.0083375
0.008325
0.0083389
0.008325
0.0083348
0.0083421
0.008325
0.0083352
0.0083354
0.008325
0.0083427
0.008325
0.0083408
0.0083632
0.008325
0.008325
0.008325
0.008325
0.008325
0.0083455
0.008325
0.0083363
0.0083347
0.008325
0.0083366
0.0083435
0.008325
0.0083372
0.0083524
0.008325
0.008325
0.008325
0.0083493
0.008325
0.008325
0.0083369
0.008325
0.0083437
0.008325
0.0083383
0.008325
0.0083396
0.0083395
0.008325
0.0083358
0.008325
0.0083417
0.0083367
0.008325
0.0083402
0.008325
0.0083371
0.008325
0.0083474
0.008325
0.0083347
0.0083355
0.008325
0.0083376
0.008325
0.0083473
0.008325
0.0083354
0.008325
0.0083411
0.008325
0.0083419
0.0083359
0.008325
0.0083483
0.008325
0.0083399
0.008325
0.0123285
0.0131194
0.0303057
0.0147012
0.0330462
0.0231091
0.0131602
0.019583
0.0107825
0.0206518
0.0083383
0.0127434
0.0083523
0.0124173
0.008325
0.008325
0.008325
0.008325
0.0083377
0.008325
0.0083367
0.0083424
0.008325
0.0083686
0.008325
0.0083372
0.008325
0.008325
0.008325
0.008325
0.0083371
0.008325
0.0083455
0.008325
0.008325
0.0083632
0.008325
0.0083535
0.008325
0.008325
0.008325
0.008325
0.0083377
0.008325
0.0083358
0.008325
0.008337
0.0083352
0.008325
0.008342
0.008335
0.008325
0.0083381
0.008325
0.0083452
0.008325
0.0083401
0.008325
0.0083348
0.0083434
0.008325
0.008325
0.0083368
0.0083383
0.008325
0.0083396
0.0083346
0.008325
0.0083379
0.0083388
0.008325
0.0083447
0.008325
0.0083391
0.008325
0.0083354
0.008325
0.0083488
0.008325
0.008325
0.0083391
0.0083404
0.008325
0.0083369
0.0083425
0.008325
0.008325
0.0083432
0.0083334
0.0083373
0.008325
0.0083335
0.0083368
0.008325
0.008335
0.0083417
0.008325
0.008325
0.0083487
0.008325
0.008336
0.0083341
0.0083399
0.0083463
0.008325
0.0112062
0.012857
0.0225663
0.0113047
0.0223763
0.0115067
0.0207584
0.009932
0.0206389
0.0109374
0.0089261
0.0126508
0.0084105
0.008325
0.008325
0.008325
0.008325
0.008325
0.008325
0.008325
0.0083418
0.008335
0.008342
0.008325
0.008325
0.0083418
0.008325
0.0083419
0.008325
0.0083375
0.008325
0.0083348
0.0083419
0.008336
0.008325
0.0083355
0.008325
0.0083603
0.008325
0.008325
0.008325
0.0083339
0.008337
0.0083367
0.008325
0.0083461
0.008325
0.0083354
0.0083338
0.008325
0.0083441
0.008325
0.0083474
0.008325
0.008325
0.0083372
0.0083385
0.008325
0.0083385
0.008325
0.0083422
0.008325
0.0083383
0.008325
0.008342
0.008325
0.0083399
0.0083521
0.008325
0.008325
0.008325
0.0083372
0.0083343
0.0083415
0.008325
0.0083373
0.008325
0.0083365
0.0083361
0.008325
0.0083404
0.008325
0.0083373
0.0083378
0.008325
0.0083504
0.0083573
0.008325
0.008325
0.008325
0.008325
0.008325
0.0083382
0.008325
0.0083472
0.008325
0.008325
0.0083387
0.0083363
0.0083337
0.008325
0.0083421
0.008325
0.0083398
0.0083411
0.0083338
0.008325
0.008325
0.0083424
0.008325
0.0083414
0.0083351
0.0083375
0.0083427
0.0088232
0.010779
0.0098062
0.0215589
0.0083486
0.010809
0.008325
0.0105734
0.008325
0.008325
0.0083387
0.008325
0.0083439
0.008325
0.0083406
0.0083347
0.008325
0.0083365
0.008325
0.0083406
0.008325
0.0083431
0.008325
0.0083392
0.008325
0.0083409
0.008325
0.0083413
0.0083369
0.008325
0.0083367
0.0083367
0.0083338
0.008325
0.0083343
0.0083406
0.0083392
0.008325
0.0083483
0.008325
0.008325
0.0083348
0.008325
0.0083408
0.008325
0.0083396
0.0083415
0.0083374
0.008325
0.0083468
0.008325
0.008325
0.0083359
0.008325
0.008325
0.0083479
0.008325
0.008325
0.0083483
0.008325
0.0083395
0.008325
0.0083419
0.008325
0.0083389
0.0083336
0.0083343
0.008325
0.0083399
0.008325
0.0083458
0.008325
0.008345
0.008325
0.008325
0.0083429
0.008325
0.0083389
0.0083379
0.0083354
0.008325
0.008325
0.0083481
0.008325
0.0083345
0.0083342
0.0083345
0.008325
0.0083386
0.008325
0.008337
0.0083404
0.0083362
0.008325
0.0083374
0.008325
0.0083389
0.0083366
0.008325
0.0083373
0.008325
0.0083408
0.008336
0.008325
0.0083415
0.008325
0.008338
0.0083347
0.0083503
0.008325
0.008325
0.0083561
0.008325
0.0083373
0.008325
0.008325
0.008336
0.008325
0.0084994
0.0128096
0.0118786
0.0220822
0.0083441
0.0251155
0.008344
0.0116527
0.0083441
0.008325
0.0083623
0.008325
0.008325
0.0083494
0.008325
0.0083684
0.008325
0.008325
0.008325
0.0083532
0.0083349
0.008325
0.0083665
0.008325
0.0088255
0.008325
0.008325
0.0084286
0.008325
0.008325
0.008325
0.008325
0.008325
0.008325
0.008325
0.0083482
0.008325
0.008325
0.008325
0.0083381
0.008325
0.008325
0.008325
0.0083353
0.0083427
0.0083998
0.008325
0.008325
0.008325
0.008325
0.008325
0.008325
0.0083366
0.0084432
0.0083536
0.0083813
0.008325
0.008325
0.008325
0.008325
0.0083464
0.008325
0.008325
0.008325
0.008325
0.0083445
0.008325
0.008325
0.008325
0.0083434
0.008325
0.0083495
0.0083425
0.008325
0.008325
0.008325
0.008325
0.0083425
0.008325
0.0083389
0.0083344
0.008325
0.0083389
0.0083378
0.0083593
0.008325
0.008325
0.008325
0.008325
0.0083409
0.008325
0.0083368
0.0083339
0.0083336
0.008325
0.0083357
0.008334
0.0083357
0.008325
0.0083377
0.008325
0.0083419
0.008325
0.0083442
0.008325
0.0083405
0.008325
0.0083425
0.008325
0.0083394
0.0083762
0.008325
0.008325
0.008325
0.008325
0.008325
0.008325
0.008325
0.0083473
0.0083343
0.008325
0.0083374
0.008325
0.0083394
0.008325
0.0083413
0.008325
0.0083428
0.008325
0.0083356
0.0083383
0.008325
0.0083427
0.008325
0.0083389
0.0083353
0.008325
0.0083373
0.0083351
0.008325
0.0083377
0.0083372
0.008325
0.0083399
0.0083376
0.008325
0.0083373
0.0083335
0.0083362
0.008325
0.0083402
0.008325
0.0083541
0.008325
0.008325
0.0083346
0.0083334
0.0083364
0.008325
0.0083355
0.0083335
0.0083341
0.0083338
0.008325
0.0083422
0.0083363
0.008336
0.008325
0.0083361
0.0083335
0.0083335
0.008325
0.0083371
0.0083365
0.008325
0.0083398
0.008325
0.0083412
0.008325
