5545
2408
427
110
102
90
80
67
78
61
79
82
119
139
189
244
244
231
211
236
245
248
259
264
310
284
230
257
270
282
256
250
193
160
185
206
219
236
263
235
229
228
250
239
234
245
263
261
252
254
309
300
312
363
322
261
226
230
204
206
210
236
228
223
260
287
291
287
257
260
234
223
248
270
278
272
247
206
145
160
192
208
225
252
244
229
226
243
238
231
244
264
268
250
271
293
306
269
316
313
262
222
212
192
199
203
230
224
212
238
274
290
283
260
254
252
222
244
268
282
274
256
224
161
156
189
213
233
254
246
234
216
236
243
229
245
259
263
254
262
272
307
280
321
331
282
237
228
196
199
204
220
227
217
226
261
298
277
271
252
245
229
238
267
273
279
272
238
172
149
181
207
220
232
253
232
219
239
241
240
237
250
261
263
261
260
301
278
303
319
286
249
219
194
195
205
211
234
217
212
250
288
272
276
256
246
235
228
254
272
273
270
243
188
146
179
201
215
238
255
237
223
234
238
239
235
254
259
267
261
271
295
292
297
330
304
259
225
210
198
198
211
243
227
217
250
287
283
279
249
254
241
219
250
271
273
271
251
208
152
165
195
214
232
248
247
229
227
235
241
231
248
263
267
250
275
283
309
285
317
323
267
230
217
194
195
208
228
220
214
237
274
280
287
264
250
236
220
244
272
272
273
260
225
161
154
186
208
226
249
251
230
217
251
244
231
239
258
260
256
261
276
300
281
316
325
283
230
220
192
196
206
220
230
219
227
263
294
276
258
248
249
225
240
266
267
275
258
232
175
143
179
210
216
235
251
235
215
235
238
234
238
249
264
257
259
261
306
279
293
332
289
245
220
197
197
210
210
235
219
215
257
294
277
276
249
247
236
225
255
270
276
268
242
192
149
179
202
217
235
258
240
224
235
249
233
236
249
265
267
251
263
295
292
293
330
297
254
217
210
193
197
210
231
224
209
246
269
282
285
254
252
236
221
248
274
277
272
252
205
153
166
197
214
229
259
251
232
224
247
242
234
243
266
266
247
264
281
299
279
321
324
263
220
225
194
195
210
229
223
214
236
259
277
262
261
253
246
223
241
263
274
275
255
219
162
159
190
211
222
247
250
235
215
243
242
230
244
254
266
