6114
2469
430
132
117
109
94
80
85
80
87
107
115
133
106
118
95
108
121
158
226
239
213
197
162
161
258
261
220
200
190
154
143
158
361
225
208
216
188
157
161
333
237
202
197
160
152
155
193
365
241
218
204
190
178
172
253
217
225
214
193
178
174
174
292
165
184
168
157
136
146
161
224
197
208
197
163
143
156
343
214
204
235
189
159
156
291
249
219
210
162
149
154
180
382
236
217
206
186
176
179
237
231
247
217
198
181
178
174
288
173
185
165
161
135
150
163
217
196
206
195
166
150
155
341
216
205
209
191
158
153
273
260
211
204
165
151
157
173
370
249
221
211
195
177
183
231
246
233
216
203
182
181
204
291
168
189
166
166
136
144
171
223
199
202
196
169
149
154
342
214
206
210
199
163
154
284
267
208
196
166
152
155
174
368
243
217
212
185
183
178
228
252
240
285
201
183
180
166
287
171
191
169
155
133
147
174
223
202
198
195
168
146
157
344
214
202
210
193
159
159
274
265
208
196
166
157
158
180
364
271
218
212
182
170
169
228
250
224
217
202
199
179
169
295
178
202
172
163
140
150
176
227
199
200
205
173
150
157
332
221
203
217
189
154
154
280
267
204
195
169
149
161
179
369
241
234
207
186
171
172
238
239
224
210
200
190
175
168
287
173
193
168
157
135
149
172
232
195
218
198
166
148
155
338
220
206
216
188
153
154
281
269
206
197
167
156
158
172
360
239
224
205
183
171
169
230
245
225
222
200
187
179
172
285
169
195
161
161
134
142
176
229
195
202
197
166
149
155
336
216
211
214
194
152
153
280
267
201
196
171
152
162
174
368
240
238
205
186
174
175
239
242
225
212
198
183
175
171
303
183
193
162
161
136
146
177
230
214
200
201
173
153
157
338
219
210
210
193
158
151
292
264
201
201
167
158
157
171
370
250
224
206
182
173
176
229
238
221
215
207
183
178
167
292
170
188
167
159
133
146
165
229
195
198
199
173
150
154
329
218
212
221
191
156
156
260
283
213
200
170
156
159
168
373
249
220
207
186
173
177
211
256
225
240
212
180
180
168
286
174
196
168
160
138
144
179
227
195
195
202
174
151
155
327
225
213
212
191
154
150
253
289
207
199
174
157
153
167
362
