1453
457
142
58
51
23
28
19
33
9
30
12
35
6
30
20
6
10
8
8
9
8
8
8
9
8
8
9
8
8
9
12
6
16
7
9
9
8
9
8
10
9
8
8
8
8
14
7
8
8
9
9
7
9
9
11
10
8
12
10
14
9
9
20
9
14
7
14
9
8
7
9
8
9
8
15
8
8
8
8
8
8
8
8
9
8
9
10
8
9
8
9
8
9
8
7
9
8
10
7
8
10
7
9
8
8
9
8
8
9
8
8
9
16
7
8
9
8
12
8
13
7
8
8
9
9
8
9
8
8
8
9
8
8
9
8
8
8
9
8
10
9
6
10
8
9
9
11
10
11
16
10
18
7
15
8
15
9
17
10
16
17
9
17
10
18
17
13
19
32
12
36
19
36
25
40
35
37
34
34
40
41
55
27
52
39
33
40
22
31
33
49
49
44
41
35
47
28
47
26
36
28
27
20
20
21
20
13
18
7
11
7
7
9
8
9
7
8
10
8
8
10
9
9
8
7
8
9
9
8
9
8
8
9
8
8
8
9
9
7
10
7
9
8
9
8
8
10
7
10
11
13
14
33
30
42
28
27
27
20
21
20
18
8
23
7
24
7
24
8
10
15
8
18
8
13
9
7
8
11
7
8
11
8
8
8
7
8
9
8
8
9
7
8
15
6
7
8
9
8
8
9
8
8
9
8
10
9
7
10
7
9
8
9
8
8
8
19
7
9
8
8
22
7
29
9
23
8
13
8
10
12
32
21
58
29
40
28
36
21
32
20
26
9
38
15
20
22
9
20
8
15
7
14
7
9
8
9
8
10
7
9
15
8
7
10
7
10
9
9
31
9
24
9
17
16
8
25
8
18
14
8
24
7
18
9
14
9
8
8
8
9
9
12
13
29
16
47
10
49
17
38
29
22
22
20
21
21
13
20
8
14
8
14
8
7
8
8
9
7
8
8
9
8
8
8
9
7
9
8
8
9
8
9
8
9
8
8
8
8
8
9
8
9
8
8
9
8
8
8
10
7
9
7
9
9
8
8
8
9
9
8
8
8
8
9
8
8
9
8
9
8
8
9
8
8
9
8
8
9
8
8
8
11
10
11
14
25
22
26
14
19
21
8
14
15
8
15
8
15
