0, 0.02
1, 0.02
2, 0.1333333
3, 0.1333333
4, 0.1333333
5, 0.1073404
6, 0.1036564
7, 0.0996237
8, 0.0716975
9, 0.0756989
10, 0.0657849
11, 0.0679913
12, 0.0691726
13, 0.0823642
14, 0.0959601
15, 0.1333333
16, 0.1333333
17, 0.1333333
18, 0.1333333
19, 0.1333333
20, 0.1333333
21, 0.1333333
22, 0.1333333
23, 0.1333333
24, 0.1333333
25, 0.1333333
26, 0.1333333
27, 0.1333333
28, 0.1333333
29, 0.1333333
30, 0.1333333
31, 0.1333333
32, 0.1333333
33, 0.1333333
34, 0.1333333
35, 0.1333333
36, 0.1333333
37, 0.1333333
38, 0.1333333
39, 0.1333333
40, 0.1333333
41, 0.1333333
42, 0.1333333
43, 0.1333333
44, 0.1333333
45, 0.1333333
46, 0.1333333
47, 0.1333333
48, 0.1333333
49, 0.1333333
50, 0.1333333
51, 0.1333333
52, 0.1333333
53, 0.1333333
54, 0.1333333
55, 0.1333333
56, 0.1333333
57, 0.1333333
58, 0.1333333
59, 0.1333333
60, 0.1333333
61, 0.1333333
62, 0.1333333
63, 0.1333333
64, 0.1333333
65, 0.1333333
66, 0.1333333
67, 0.1333333
68, 0.1333333
69, 0.1333333
70, 0.1333333
71, 0.1333333
72, 0.1333333
73, 0.1333333
74, 0.1333333
75, 0.1333333
76, 0.1333333
77, 0.1333333
78, 0.1333333
79, 0.1333333
80, 0.1333333
81, 0.1333333
82, 0.1333333
83, 0.1333333
84, 0.1333333
85, 0.1333333
86, 0.1333333
87, 0.1333333
88, 0.1333333
89, 0.1333333
90, 0.1333333
91, 0.1333333
92, 0.1333333
93, 0.1333333
94, 0.1333333
95, 0.1333333
96, 0.1333333
97, 0.1333333
98, 0.1333333
99, 0.1333333
100, 0.1333333
101, 0.1333333
102, 0.1333333
103, 0.1333333
104, 0.1333333
105, 0.1333333
106, 0.1333333
107, 0.1333333
108, 0.1333333
109, 0.1333333
110, 0.1333333
111, 0.1333333
112, 0.1333333
113, 0.1333333
114, 0.1333333
115, 0.1333333
116, 0.1333333
117, 0.1333333
118, 0.1333333
119, 0.1333333
120, 0.1333333
121, 0.1333333
122, 0.1333333
123, 0.1333333
124, 0.1333333
125, 0.1333333
126, 0.1333333
127, 0.1333333
128, 0.1333333
129, 0.1333333
130, 0.1333333
131, 0.1333333
132, 0.1333333
133, 0.1333333
134, 0.1333333
135, 0.1333333
136, 0.1333333
137, 0.1333333
138, 0.1333333
139, 0.1333333
140, 0.1333333
141, 0.1333333
142, 0.1333333
143, 0.1333333
144, 0.1333333
145, 0.1333333
146, 0.1333333
147, 0.1333333
148, 0.1333333
149, 0.1333333
150, 0.1333333
151, 0.1333333
152, 0.1333333
153, 0.1333333
154, 0.1333333
155, 0.1333333
156, 0.1333333
157, 0.1333333
158, 0.1333333
159, 0.1333333
160, 0.1333333
161, 0.1333333
162, 0.1333333
163, 0.1333333
164, 0.1333333
165, 0.1333333
166, 0.1333333
167, 0.1333333
168, 0.1333333
169, 0.1333333
170, 0.1333333
171, 0.1333333
172, 0.1333333
173, 0.1333333
174, 0.1333333
175, 0.1333333
176, 0.1333333
177, 0.1333333
178, 0.1333333
179, 0.1333333
180, 0.1333333
181, 0.1333333
182, 0.1333333
183, 0.1333333
184, 0.1333333
185, 0.1333333
186, 0.1333333
187, 0.1333333
188, 0.1333333
189, 0.1333333
190, 0.1333333
191, 0.1333333
192, 0.1333333
193, 0.1333333
194, 0.1333333
195, 0.1333333
196, 0.1333333
197, 0.1333333
198, 0.1333333
199, 0.1333333
200, 0.1333333
201, 0.1333333
202, 0.1333333
203, 0.1333333
204, 0.1333333
205, 0.1333333
206, 0.1333333
207, 0.1333333
208, 0.1333333
209, 0.1333333
210, 0.1333333
211, 0.1333333
212, 0.1333333
213, 0.1333333
214, 0.1333333
215, 0.1333333
216, 0.1333333
217, 0.1333333
218, 0.1333333
219, 0.1333333
220, 0.1333333
221, 0.1333333
222, 0.1333333
223, 0.1333333
224, 0.1333333
225, 0.1333333
226, 0.1333333
227, 0.1333333
228, 0.1333333
229, 0.1333333
230, 0.1333333
231, 0.1333333
232, 0.1333333
233, 0.1333333
234, 0.1333333
235, 0.1333333
236, 0.1333333
237, 0.1333333
238, 0.1333333
239, 0.1333333
240, 0.1333333
241, 0.1333333
242, 0.1333333
243, 0.1333333
244, 0.1333333
245, 0.1333333
246, 0.1333333
247, 0.1333333
248, 0.1333333
249, 0.1333333
250, 0.1333333
251, 0.1333333
252, 0.1333333
253, 0.1333333
254, 0.1333333
255, 0.1333333
256, 0.1333333
257, 0.1333333
258, 0.1333333
259, 0.1333333
260, 0.1333333
261, 0.1333333
262, 0.1333333
263, 0.1333333
264, 0.1333333
265, 0.1333333
266, 0.1333333
267, 0.1333333
268, 0.1333333
269, 0.1333333
270, 0.1333333
271, 0.1333333
272, 0.1333333
273, 0.1333333
274, 0.1333333
275, 0.1333333
276, 0.1333333
277, 0.1333333
278, 0.1333333
279, 0.1333333
280, 0.1333333
281, 0.1333333
282, 0.1333333
283, 0.1333333
284, 0.1333333
285, 0.1333333
286, 0.1333333
287, 0.1333333
288, 0.1333333
289, 0.1333333
290, 0.1333333
291, 0.1333333
292, 0.1333333
293, 0.1333333
294, 0.1333333
295, 0.1333333
296, 0.1333333
297, 0.1333333
298, 0.1333333
299, 0.1333333
300, 0.1333333
301, 0.1333333
302, 0.1333333
303, 0.1333333
304, 0.1333333
305, 0.1333333
306, 0.1333333
307, 0.1333333
308, 0.1333333
309, 0.1333333
310, 0.1333333
311, 0.1333333
312, 0.1333333
313, 0.1333333
314, 0.1333333
315, 0.1333333
316, 0.1333333
317, 0.1333333
318, 0.1333333
319, 0.1333333
320, 0.1333333
321, 0.1333333
322, 0.1333333
323, 0.1333333
324, 0.1333333
325, 0.1333333
326, 0.1333333
327, 0.1333333
328, 0.1333333
329, 0.1333333
330, 0.1333333
331, 0.1333333
332, 0.1333333
333, 0.1333333
334, 0.1333333
335, 0.1333333
336, 0.1333333
337, 0.1333333
338, 0.1333333
339, 0.1333333
340, 0.1333333
341, 0.1333333
342, 0.1333333
343, 0.1333333
344, 0.1333333
345, 0.1333333
346, 0.1333333
347, 0.1333333
348, 0.1333333
349, 0.1333333
350, 0.1333333
351, 0.1333333
352, 0.1333333
353, 0.1333333
354, 0.1333333
355, 0.1333333
356, 0.1333333
357, 0.1333333
358, 0.1333333
359, 0.1333333
360, 0.1333333
361, 0.1333333
362, 0.1333333
363, 0.1333333
364, 0.1333333
365, 0.1333333
366, 0.1333333
367, 0.1333333
368, 0.1333333
369, 0.1333333
370, 0.1333333
371, 0.1333333
372, 0.1333333
373, 0.1333333
374, 0.1333333
375, 0.1333333
376, 0.1333333
377, 0.1333333
378, 0.1333333
379, 0.1333333
380, 0.1333333
381, 0.1333333
382, 0.1333333
383, 0.1333333
384, 0.1333333
385, 0.1333333
386, 0.1333333
387, 0.1333333
388, 0.1333333
389, 0.1333333
390, 0.1333333
391, 0.1333333
392, 0.1333333
393, 0.1333333
394, 0.1333333
395, 0.1333333
396, 0.1333333
397, 0.1333333
398, 0.1333333
399, 0.1333333
400, 0.1333333
401, 0.1333333
402, 0.1333333
403, 0.1333333
404, 0.1333333
405, 0.1333333
406, 0.1333333
407, 0.1333333
408, 0.1333333
409, 0.1333333
410, 0.1333333
411, 0.1333333
412, 0.1333333
413, 0.1333333
414, 0.1333333
415, 0.1333333
416, 0.1333333
417, 0.1333333
418, 0.1333333
419, 0.1333333
420, 0.1333333
421, 0.1333333
422, 0.1333333
423, 0.1333333
424, 0.1333333
425, 0.1333333
426, 0.1333333
427, 0.1333333
428, 0.1333333
429, 0.1333333
430, 0.1333333
431, 0.1333333
432, 0.1333333
433, 0.1333333
434, 0.1333333
435, 0.1333333
436, 0.1333333
437, 0.1333333
438, 0.1333333
439, 0.1333333
440, 0.1333333
441, 0.1333333
442, 0.1333333
443, 0.1333333
444, 0.1333333
445, 0.1333333
446, 0.1333333
447, 0.1333333
448, 0.1333333
449, 0.1333333
450, 0.1333333
451, 0.1333333
452, 0.1333333
453, 0.1333333
454, 0.1333333
455, 0.1333333
456, 0.1333333
457, 0.1333333
458, 0.1333333
459, 0.1333333
460, 0.1333333
461, 0.1333333
462, 0.1333333
463, 0.1333333
464, 0.1333333
465, 0.1333333
466, 0.1333333
467, 0.1333333
468, 0.1333333
469, 0.1333333
470, 0.1333333
471, 0.1333333
472, 0.1333333
473, 0.1333333
474, 0.1333333
475, 0.1333333
476, 0.1333333
477, 0.1333333
478, 0.1333333
479, 0.1333333
480, 0.1333333
481, 0.1333333
482, 0.1333333
483, 0.1333333
484, 0.1333333
485, 0.1333333
486, 0.1333333
487, 0.1333333
488, 0.1333333
489, 0.1333333
490, 0.1333333
491, 0.1333333
492, 0.1333333
493, 0.1333333
494, 0.1333333
495, 0.1333333
496, 0.1333333
497, 0.1333333
498, 0.1333333
499, 0.1333333
500, 0.1333333
501, 0.1333333
502, 0.1333333
503, 0.1333333
504, 0.1333333
505, 0.1333333
506, 0.1333333
507, 0.1333333
508, 0.1333333
509, 0.1333333
510, 0.1333333
511, 0.1333333
512, 0.1333333
513, 0.1333333
514, 0.1333333
515, 0.1333333
516, 0.1333333
517, 0.1333333
518, 0.1333333
519, 0.1333333
520, 0.1333333
521, 0.1333333
522, 0.1333333
523, 0.1333333
524, 0.1333333
525, 0.1333333
526, 0.1333333
527, 0.1333333
528, 0.1333333
529, 0.1333333
530, 0.1333333
531, 0.1333333
532, 0.1333333
533, 0.1333333
534, 0.1333333
535, 0.1333333
536, 0.1333333
537, 0.1333333
538, 0.1333333
539, 0.1333333
540, 0.1333333
541, 0.1333333
542, 0.1333333
543, 0.1333333
544, 0.1333333
545, 0.1333333
546, 0.1333333
547, 0.1333333
548, 0.1333333
549, 0.1333333
550, 0.1333333
551, 0.1333333
552, 0.1333333
553, 0.1333333
554, 0.1333333
555, 0.1333333
556, 0.1333333
557, 0.1333333
558, 0.1333333
559, 0.1333333
560, 0.1333333
561, 0.1333333
562, 0.1333333
563, 0.1333333
564, 0.1333333
565, 0.1333333
566, 0.1333333
567, 0.1333333
568, 0.1333333
569, 0.1333333
570, 0.1333333
571, 0.1333333
572, 0.1333333
573, 0.1333333
574, 0.1333333
575, 0.1333333
576, 0.1333333
577, 0.1333333
578, 0.1333333
579, 0.1333333
580, 0.1333333
581, 0.1333333
582, 0.1333333
583, 0.1333333
584, 0.1333333
585, 0.1333333
586, 0.1333333
587, 0.1333333
588, 0.1333333
589, 0.1333333
590, 0.1333333
591, 0.1333333
592, 0.1333333
593, 0.1333333
594, 0.1333333
595, 0.1333333
596, 0.1333333
597, 0.1333333
598, 0.1333333
599, 0.1333333
600, 0.1333333
601, 0.1333333
602, 0.1333333
603, 0.1333333
604, 0.1333333
605, 0.1333333
606, 0.1333333
607, 0.1333333
608, 0.1333333
609, 0.1333333
610, 0.1333333
611, 0.1333333
612, 0.1333333
613, 0.1333333
614, 0.1333333
615, 0.1333333
616, 0.1333333
617, 0.1333333
618, 0.1333333
619, 0.1333333
620, 0.1333333
621, 0.1333333
622, 0.1333333
623, 0.1333333
624, 0.1333333
625, 0.1333333
626, 0.1333333
627, 0.1333333
628, 0.1333333
629, 0.1333333
630, 0.1333333
631, 0.1333333
632, 0.1333333
633, 0.1333333
634, 0.1333333
635, 0.1333333
636, 0.1333333
637, 0.1333333
638, 0.1333333
639, 0.1333333
640, 0.1333333
641, 0.1333333
642, 0.1333333
643, 0.1333333
644, 0.1333333
645, 0.1333333
646, 0.1333333
647, 0.1333333
648, 0.1333333
649, 0.1333333
650, 0.1333333
651, 0.1333333
652, 0.1333333
653, 0.1333333
654, 0.1333333
655, 0.1333333
656, 0.1333333
657, 0.1333333
658, 0.1333333
659, 0.1333333
660, 0.1333333
661, 0.1333333
662, 0.1333333
663, 0.1333333
664, 0.1333333
665, 0.1333333
666, 0.1333333
667, 0.1333333
668, 0.1333333
669, 0.1333333
670, 0.1333333
671, 0.1333333
672, 0.1333333
673, 0.1333333
674, 0.1333333
675, 0.1333333
676, 0.1333333
677, 0.1333333
678, 0.1333333
679, 0.1333333
680, 0.1333333
681, 0.1333333
682, 0.1333333
683, 0.1333333
684, 0.1333333
685, 0.1333333
686, 0.1333333
687, 0.1333333
688, 0.1333333
689, 0.1333333
690, 0.1333333
691, 0.1333333
692, 0.1333333
693, 0.1333333
694, 0.1333333
695, 0.1333333
696, 0.1333333
697, 0.1333333
698, 0.1333333
699, 0.1333333
700, 0.1333333
701, 0.1333333
702, 0.1333333
703, 0.1333333
704, 0.1333333
705, 0.1333333
706, 0.1333333
707, 0.1333333
708, 0.1333333
709, 0.1333333
710, 0.1333333
711, 0.1333333
712, 0.1333333
713, 0.1333333
714, 0.1333333
715, 0.1333333
716, 0.1333333
717, 0.1333333
718, 0.1333333
719, 0.1333333
720, 0.1333333
721, 0.1333333
722, 0.1333333
723, 0.1333333
724, 0.1333333
725, 0.1333333
726, 0.1333333
727, 0.1333333
728, 0.1333333
729, 0.1333333
730, 0.1333333
731, 0.1333333
732, 0.1333333
733, 0.1333333
734, 0.1333333
735, 0.1333333
736, 0.1333333
737, 0.1333333
738, 0.1333333
739, 0.1333333
740, 0.1333333
741, 0.1333333
742, 0.1333333
743, 0.1333333
744, 0.1333333
745, 0.1333333
746, 0.1333333
747, 0.1333333
748, 0.1333333
749, 0.1333333
750, 0.1333333
751, 0.1333333
752, 0.1333333
753, 0.1333333
754, 0.1333333
755, 0.1333333
756, 0.1333333
757, 0.1333333
758, 0.1333333
759, 0.1333333
760, 0.1333333
761, 0.1333333
762, 0.1333333
763, 0.1333333
764, 0.1333333
765, 0.1333333
766, 0.1333333
767, 0.1333333
768, 0.1333333
769, 0.1333333
770, 0.1333333
771, 0.1333333
772, 0.1333333
773, 0.1333333
774, 0.1333333
775, 0.1333333
776, 0.1333333
777, 0.1333333
778, 0.1333333
779, 0.1333333
780, 0.1333333
781, 0.1333333
782, 0.1333333
783, 0.1333333
784, 0.1333333
785, 0.1333333
786, 0.1333333
787, 0.1333333
788, 0.1333333
789, 0.1333333
790, 0.1333333
791, 0.1333333
792, 0.1333333
793, 0.1333333
794, 0.1333333
795, 0.1333333
796, 0.1333333
797, 0.1333333
798, 0.1333333
799, 0.1333333
800, 0.1333333
801, 0.1333333
802, 0.1333333
803, 0.1333333
804, 0.1333333
805, 0.1333333
806, 0.1333333
807, 0.1333333
808, 0.1333333
809, 0.1333333
810, 0.1333333
811, 0.1333333
812, 0.1333333
813, 0.1333333
814, 0.1333333
815, 0.1333333
816, 0.1333333
817, 0.1333333
818, 0.1333333
819, 0.1333333
820, 0.1333333
821, 0.1333333
822, 0.1333333
823, 0.1333333
824, 0.1333333
825, 0.1333333
826, 0.1333333
827, 0.1333333
828, 0.1333333
829, 0.1333333
830, 0.1333333
831, 0.1333333
832, 0.1333333
833, 0.1333333
834, 0.1333333
835, 0.1333333
836, 0.1333333
837, 0.1333333
838, 0.1333333
839, 0.1333333
840, 0.1333333
841, 0.1333333
842, 0.1333333
843, 0.1333333
844, 0.1333333
845, 0.1333333
846, 0.1333333
847, 0.1333333
848, 0.1333333
849, 0.1333333
850, 0.1318918
851, 0.1333333
852, 0.1333333
853, 0.1333333
854, 0.1333333
855, 0.1333333
856, 0.1333333
857, 0.1333333
858, 0.1333333
859, 0.1333333
860, 0.1333333
861, 0.1333333
862, 0.1333333
863, 0.1333333
864, 0.1333333
865, 0.1333333
866, 0.1333333
867, 0.1333333
868, 0.1333333
869, 0.1333333
870, 0.1333333
871, 0.1333333
872, 0.1333333
873, 0.1333333
874, 0.1333333
875, 0.1333333
876, 0.1333333
877, 0.1333333
878, 0.1333333
879, 0.1333333
880, 0.1333333
881, 0.1333333
882, 0.1333333
883, 0.1333333
884, 0.1333333
885, 0.1333333
886, 0.1333333
887, 0.1333333
888, 0.1333333
889, 0.1333333
890, 0.1333333
891, 0.1333333
892, 0.1333333
893, 0.1333333
894, 0.1333333
895, 0.1333333
896, 0.1333333
897, 0.1333333
898, 0.1333333
899, 0.1333333
900, 0.1333333
901, 0.1333333
902, 0.1333333
903, 0.1333333
904, 0.1333333
905, 0.1333333
906, 0.1333333
907, 0.1333333
908, 0.1333333
909, 0.1333333
910, 0.1333333
911, 0.1333333
912, 0.1333333
913, 0.1333333
914, 0.1333333
915, 0.1333333
916, 0.1333333
917, 0.1333333
918, 0.1333333
919, 0.1333333
920, 0.1333333
921, 0.1333333
922, 0.1333333
923, 0.1333333
924, 0.1333333
925, 0.1333333
926, 0.1333333
927, 0.1333333
928, 0.1333333
929, 0.1333333
930, 0.1333333
931, 0.1333333
932, 0.1333333
933, 0.1333333
934, 0.1333333
935, 0.1333333
936, 0.1333333
937, 0.1333333
938, 0.1333333
939, 0.1333333
940, 0.1333333
941, 0.1333333
942, 0.1333333
943, 0.1333333
944, 0.1333333
945, 0.1333333
946, 0.1333333
947, 0.1333333
948, 0.1333333
949, 0.1333333
950, 0.1333333
951, 0.1333333
952, 0.1333333
953, 0.1333333
954, 0.1333333
955, 0.1333333
956, 0.1333333
957, 0.1333333
958, 0.1333333
959, 0.1333333
960, 0.1333333
961, 0.1333333
962, 0.1333333
963, 0.1333333
964, 0.1333333
965, 0.1333333
966, 0.1333333
967, 0.1333333
968, 0.1333333
969, 0.1333333
970, 0.1333333
971, 0.1333333
972, 0.1333333
973, 0.1333333
974, 0.1333333
975, 0.1333333
976, 0.1333333
977, 0.1333333
978, 0.1333333
979, 0.1333333
980, 0.1333333
981, 0.1333333
982, 0.1333333
983, 0.1333333
984, 0.1333333
985, 0.1333333
986, 0.1333333
987, 0.1333333
988, 0.1333333
989, 0.1333333
990, 0.1333333
991, 0.1333333
992, 0.1333333
993, 0.1333333
994, 0.1333333
995, 0.1333333
996, 0.1333333
997, 0.1333333
998, 0.1333333
999, 0.1333333
