0.02
0.02
0.1333333
0.1333333
0.1192326
0.0421074
0.0297497
0.0144095
0.0239341
0.0181644
0.0145742
0.0183963
0.0179101
0.014142
0.0157693
0.0157223
0.0153499
0.0157074
0.0158684
0.0154224
0.0156102
0.0155335
0.015686
0.0155635
0.0117914
0.0112561
0.0107813
0.0102422
0.0097689
0.0092852
0.0087529
0.0083398
0.008325
0.0083387
0.008325
0.008338
0.0083504
0.008325
0.008325
0.0083372
0.0083397
0.008325
0.008325
0.0083364
0.008325
0.0083503
0.008325
0.008325
0.008325
0.0083516
0.008325
0.0083379
0.008338
0.008325
0.0083347
0.0083352
0.008325
0.0083458
0.008325
0.0083377
0.008325
0.0083398
0.0083368
0.008325
0.0083346
0.0083372
0.008325
0.0083392
0.008325
0.0083455
0.008325
0.0083381
0.0083354
0.008325
0.0083396
0.0083393
0.008325
0.008325
0.0083507
0.008325
0.008325
0.0083429
0.008349
0.008325
0.008325
0.0083534
0.008325
0.0083675
0.008325
0.008325
0.008325
0.008325
0.008325
0.008325
0.0083362
0.0083394
0.0083371
0.0083516
0.008325
0.008325
0.008325
0.0083373
0.008325
0.0083337
0.008325
0.0084584
0.0097239
0.0093248
0.0087335
0.0083729
0.008325
0.008325
0.0083456
0.008325
0.0083425
0.008325
0.008325
0.008325
0.0083364
0.0083335
0.0083346
0.0083335
0.0083765
0.008325
0.008325
0.008325
0.008325
0.008325
0.008325
0.008325
0.0083435
0.0083368
0.008325
0.0083405
0.0083416
0.0083341
0.0083339
0.0083355
0.008325
0.008325
0.0083377
0.008325
0.0083453
0.0083538
0.008325
0.008325
0.008325
0.008325
0.0083416
0.0083524
0.008325
0.008325
0.0083398
0.0083371
0.008325
0.0083411
0.008325
0.0092689
0.0083437
0.0083398
0.008325
0.0083398
0.008325
0.008325
0.008325
0.0083468
0.008325
0.0083344
0.0083411
0.0083508
0.008325
0.0091162
0.0085302
0.0090268
0.008325
0.008325
0.009405
0.0092191
0.0212241
0.0083737
0.0135918
0.008361
0.022865
0.0083507
0.0237185
0.0144109
0.008325
0.0206205
0.0083953
0.0214327
0.0126317
0.0104032
0.0222466
0.0083413
0.0247542
0.0141015
0.0214392
0.0129483
0.023002
0.0130405
0.0223291
0.0195033
0.0131285
0.0337667
0.0119661
0.0278514
0.0249717
0.0163909
0.0229043
0.0201534
0.0243395
0.0201571
0.0229546
0.0277188
0.0207139
0.0360596
0.0123181
0.0404151
0.013566
0.0330181
0.0253978
0.0169963
0.0307479
0.0180692
0.0205411
0.0196048
0.0202904
0.0204291
0.0327951
0.0085508
0.0337226
0.0107121
0.026576
0.0108085
0.035553
0.0150817
0.0209014
0.0225345
0.0173173
0.0202292
0.01975
0.0204932
0.0206977
0.0201095
0.0113235
0.0210099
0.0104885
0.0125219
0.0143718
0.0104519
0.0126844
0.0099477
0.0144876
0.009414
0.0144068
0.0088993
0.0084309
0.008325
0.008336
0.008325
0.0083688
0.008325
0.008325
0.008325
0.008325
0.008325
0.0083435
0.008325
0.008325
0.0083356
0.0083367
0.008325
0.0083357
0.008325
0.0083428
0.008337
0.008325
0.008325
0.008357
0.008325
0.008325
0.0083408
0.008325
0.0083543
0.008325
0.008325
0.0083384
0.0083458
0.008325
0.008325
0.0083397
0.008325
0.008325
0.0083451
0.008325
0.008339
0.0083339
0.008325
0.0083381
0.008325
0.0083404
0.008325
0.0083474
0.0083363
0.008325
0.0083343
0.008325
0.0083353
0.0083368
0.008325
0.0083409
0.0083358
0.008325
0.0083538
0.008325
0.008325
0.0083433
0.008325
0.008335
0.008325
0.0083372
0.008325
0.0083448
0.0083456
0.008325
0.0083354
0.0083369
0.008325
0.0083372
0.008325
0.0083376
0.0083359
0.0083428
0.008325
0.0083771
0.008325
0.008325
0.008325
0.008325
0.008325
0.008325
0.008325
0.0083478
0.008325
0.008325
0.0083364
0.0083389
0.008325
0.0083354
0.0083436
0.008325
0.008325
0.0083512
0.008325
0.0083342
0.008325
0.0083344
0.0083361
0.008325
0.0083372
0.0083407
0.008325
0.0083372
0.008325
0.0083398
0.0083345
0.0083421
0.008325
0.0083396
0.008325
0.008325
0.0083767
0.008325
0.008325
0.008325
0.0083431
0.008325
0.008325
0.0083538
0.008325
0.008325
0.008325
0.008325
0.0083445
0.0083418
0.008325
0.008325
0.0083346
0.008325
0.0083441
0.0083434
0.008325
0.008325
0.00834
0.008325
0.0083346
0.008348
0.008325
0.008325
0.0083398
0.0083429
0.0083531
0.008325
0.008325
0.008325
0.008325
0.0083593
0.0083468
0.008325
0.008325
0.008325
0.008325
0.0083672
0.008325
0.008325
0.008325
0.008339
0.008325
0.0085762
0.0093299
0.0091112
0.0233382
0.0116258
0.0208919
0.0182877
0.0178257
0.0184075
0.0189343
0.0094058
0.0131648
0.0095317
0.0126829
0.0090562
0.0122157
0.0086448
0.008325
0.008325
0.0083732
0.008325
0.008325
0.008325
0.008325
0.008325
0.0083402
0.0083525
0.008325
0.008325
0.008325
0.008325
0.008337
0.008325
0.008325
0.0083523
0.0083462
0.008325
0.008325
0.008325
0.008347
0.0083669
0.008325
0.008325
0.008325
0.0083338
0.008325
0.008325
0.0083611
0.008325
0.008325
0.008325
0.008325
0.0083362
0.0083465
0.008325
0.008325
0.0083526
0.008325
0.0083362
0.008325
0.0083453
0.008325
0.008325
0.0083562
0.008325
0.008325
0.008325
0.008325
0.008325
0.0089736
0.0087713
0.0093711
0.0085517
0.009963
0.0085138
0.0212703
0.0083739
0.0121596
0.0090673
0.014444
0.008325
0.0166998
0.008325
0.0148602
0.0083524
0.0086054
0.008325
0.008325
0.008325
0.008325
0.008325
0.0083347
0.0083345
0.0083355
0.00834
0.008325
0.0086048
0.0083508
0.0086571
0.0089923
0.0090148
0.0095928
0.0211167
0.008348
0.0219248
0.0083367
0.0229473
0.0127743
0.02175
0.0117627
0.021106
0.0130455
0.0244536
0.0136965
0.0245531
0.0234678
0.0226721
0.028051
0.0239805
0.0279096
0.0265319
0.0268402
0.0255749
0.0267703
0.0261168
0.0391674
0.0324034
0.0351557
0.0401223
0.0501819
0.0351361
0.0554941
0.0418271
0.0498694
0.038905
0.0395761
0.0345008
0.0330018
0.0236643
0.0258132
0.0223507
0.0223672
0.0196141
0.0147876
0.0182809
0.0110741
0.0143103
0.0134563
0.0096671
0.0143975
0.0094631
0.0146531
0.0092468
0.0157492
0.0090434
0.0149745
0.0087161
0.0114918
0.0083783
0.008325
0.008325
0.008325
0.008325
0.0083435
0.008338
0.008325
0.008325
0.0083401
0.008325
0.0083546
0.008325
0.008325
0.008325
0.0083483
0.0083363
0.008325
0.0083553
0.008325
0.008325
0.008325
0.0083367
0.0083431
0.008325
0.008325
0.0083568
0.008325
0.008325
0.0083561
0.0083404
0.008325
0.008325
0.008325
0.0083359
0.0083441
0.008344
0.008325
0.008325
0.0083415
0.008325
0.0086314
0.008887
0.008325
0.008325
0.0085412
0.0091615
0.0083734
0.0100837
0.0083554
0.021048
0.0083465
0.0135019
0.008325
0.0166786
0.008325
0.0147791
0.0084436
0.0149362
0.0084565
0.0083362
0.0090906
0.008355
0.008325
0.0083459
0.0083441
0.008325
0.008325
0.008325
0.008325
0.0083448
0.0083525
0.008325
0.008325
0.008325
0.0083582
0.008325
0.008325
0.008325
0.0088002
0.0091331
0.0210676
0.008325
0.0135293
0.0167022
0.0104595
0.0233711
0.0083463
0.0243835
0.0136383
0.0215762
0.0134472
0.0232139
0.0206001
0.0200383
0.0246283
0.0200889
0.0251218
0.0233743
0.0256604
0.0205044
0.0357668
0.0121558
0.0357121
0.0205886
0.0356507
0.0118639
0.0420141
0.0124511
0.0329534
0.0279297
0.0170581
0.0253367
0.014168
0.0193461
0.0193193
0.0115165
0.0150318
0.0145677
0.0165559
0.0112742
0.0107044
0.0129548
0.0101603
0.0113599
0.00923
0.0087338
0.0083365
0.008325
0.008342
0.008365
0.008325
0.008325
0.008325
0.008325
0.008325
0.0083429
0.0083357
0.008325
0.008338
0.0083405
0.008325
0.0083484
0.0083598
0.008325
0.0083385
0.008325
0.0086608
0.008325
0.008325
0.0084846
0.0087078
0.0091043
0.0083496
0.008325
0.0086184
0.0083486
0.0208585
0.008334
0.0118863
0.0091141
0.008325
0.0140078
0.0166783
0.0083769
0.0124017
0.008813
0.0140645
0.0085235
0.0086775
0.0155603
0.008325
0.008325
0.008325
0.0083363
0.0087322
0.0083421
0.008497
0.008325
0.0087398
0.0085255
0.0215742
0.008325
0.0131336
0.0087487
0.0225702
0.008339
0.0135342
0.0089302
0.0152018
0.0093403
0.0154558
0.0087092
0.0134959
0.008784
0.0141533
0.0087206
0.008345
0.0084451
0.0083379
0.0083438
0.0083346
0.0083433
0.008325
0.0083439
0.008325
0.0083397
0.008325
0.0083367
0.008325
0.008325
0.008325
0.0083416
0.008325
0.0083365
0.0083346
0.008325
0.008325
0.0083443
0.008325
0.0083359
0.0083601
0.008325
0.008325
0.008325
0.0083424
0.008325
0.0083375
0.008338
0.008325
0.0083346
0.008325
0.0083392
0.0083365
0.008325
0.0083407
0.0083344
0.008325
0.0083373
0.008325
0.008344
0.008325
0.00835
0.008325
0.008325
0.0083445
0.008325
0.008325
0.0083467
0.008325
0.0083454
0.008325
0.0083385
0.008325
0.0083446
0.0083345
0.008325
0.0083466
0.008325
0.008325
0.0083343
0.008325
0.008346
0.008325
0.0083421
0.008325
0.0083338
0.008325
0.0083503
0.008325
0.008325
0.0083425
0.0083337
0.008325
0.0083423
0.0083377
0.008325
0.0083374
0.0083383
0.008325
0.0083341
0.0083357
0.008325
0.0083468
0.008325
0.008325
0.0083394
0.008325
0.0083395
0.008325
0.0083462
0.008325
0.008335
0.008325
0.0083422
0.0083365
0.008325
0.0083376
0.008325
0.0083415
0.008325
0.0083431
0.008325
0.0083395
0.008325
0.0083377
0.0083402
0.008325
0.0083354
0.0083334
0.0083422
0.008325
0.0083344
0.0083387
0.0083394
0.008325
0.008347
0.0083433
0.008325
0.008325
0.0083503
0.0085158
0.008325
0.0083442
0.0083421
0.008325
0.008325
0.0083441
0.00836
0.008325
0.008325
0.008325
0.008325
0.008325
0.0083337
0.008325
0.0083338
0.0083375
0.0083393
0.008325
0.0083356
0.008325
0.008338
0.008325
0.0083403
0.008325
0.0083427
0.0083401
0.008325
0.0083385
0.008325
0.008325
0.0083466
0.008325
0.0083396
0.008325
0.008339
0.008335
0.0083585
0.008325
0.008325
0.008325
0.0083355
0.0083567
0.008325
0.008325
0.008325
0.008325
0.008335
0.0083343
0.0083496
0.008325
0.0083402
0.008325
0.008325
0.0083575
0.008325
0.0083337
0.008325
0.0083567
0.008325
0.0083372
0.008325
0.008325
0.008325
0.008343
0.008345
0.008325
0.0083349
0.008325
0.0083405
0.008325
0.0083363
0.0083462
0.008325
0.008325
0.0083583
0.008325
0.0083454
0.008325
0.008325
0.008325
0.0083416
0.008325
0.008325
0.0083388
0.008325
0.008325
0.0083392
0.008325
0.0083422
0.0083504
0.008325
0.008325
0.0083343
0.008325
0.0083421
0.0083354
0.0083339
0.0083436
0.0083521
0.008325
0.008325
0.008325
