7013
404
411
374
307
213
161
124
124
244
414
547
564
470
338
198
250
213
249
283
258
220
162
159
220
296
343
362
332
269
204
221
251
308
356
328
269
179
137
163
208
248
227
188
142
125
148
243
274
217
205
172
141
173
283
399
483
512
480
372
253
245
282
316
347
308
272
193
184
224
282
329
348
341
279
208
227
284
332
384
370
323
214
154
175
220
260
246
211
164
129
157
240
273
252
229
158
138
158
269
351
392
448
445
356
258
236
264
313
314
320
272
198
185
225
281
323
331
328
268
213
220
269
315
333
330
277
189
147
164
213
240
228
199
157
127
161
260
300
254
196
174
149
161
269
362
452
502
486
368
243
237
249
292
310
308
264
194
180
229
294
349
370
352
293
224
241
288
333
393
366
309
207
153
171
209
240
234
203
143
118
137
224
279
238
226
193
162
155
243
356
426
473
464
374
257
227
256
292
344
315
289
221
183
224
272
337
361
344
292
217
206
252
315
366
362
306
218
148
153
196
227
225
195
149
136
146
225
284
227
205
170
151
152
235
350
412
478
453
391
264
227
253
295
316
305
281
221
181
217
267
338
364
330
292
217
213
256
328
346
348
300
208
144
149
188
235
228
197
156
129
140
236
288
244
204
172
142
158
250
343
433
501
493
415
269
228
237
270
297
293
280
205
171
208
288
348
374
357
318
223
218
258
310
359
354
307
213
151
154
186
241
237
195
148
118
110
158
252
236
221
179
159
153
211
312
383
436
491
438
318
245
267
284
298
315
287
231
185
198
258
315
366
369
329
237
216
244
286
319
340
315
244
167
154
192
244
244
213
171
129
123
181
266
254
231
209
153
149
192
301
391
474
486
417
310
229
244
265
285
316
306
248
189
194
244
304
324
336
303
236
212
264
328
350
356
314
236
152
152
201
235
234
219
172
129
118
152
236
252
232
192
152
141
182
286
381
458
497
473
347
254
248
282
327
311
284
237
182
194
236
292
354
384
330
243
205
247
288
341
373
348
268
171
146
182
225
246
218
166
127
118
143
246
255
228
211
158
137
186
297
375
457
483
473
369
260
252
276
319
323
307
255
193
196
241
289
325
340
318
258
217
237
290
341
370
354
285
191
145
176
213
238
225
189
152
130
153
252
267
