7311
837
687
504
576
687
689
855
2622
1586
850
855
283
185
157
148
167
217
258
257
260
197
158
173
178
184
193
225
223
283
299
397
648
679
590
948
1032
561
322
256
282
218
165
209
205
174
207
220
239
230
247
289
391
815
949
1247
809
246
179
173
164
168
190
229
268
326
274
179
172
182
192
205
228
228
282
308
409
594
681
663
924
933
577
338
258
299
221
168
190
209
182
217
226
238
238
255
299
414
920
1008
1234
780
246
181
173
153
154
192
238
278
346
274
183
172
177
186
193
228
229
275
288
373
564
620
586
882
958
567
326
249
291
218
167
199
212
179
213
220
236
242
249
294
381
825
974
1189
775
225
174
165
150
159
188
231
265
323
261
181
172
178
190
199
227
227
279
317
424
650
703
628
964
1026
560
327
255
305
215
168
206
210
189
212
224
230
239
252
281
387
730
921
1170
768
238
191
166
145
154
188
238
272
350
279
184
181
188
182
185
209
220
278
300
404
598
644
601
906
961
550
318
250
292
216
164
202
205
183
208
220
227
231
250
294
386
803
918
1184
758
228
167
161
142
157
182
226
264
317
255
181
184
187
188
192
220
223
274
285
384
604
640
607
953
1009
565
319
254
297
212
162
198
199
184
220
234
224
225
242
286
391
815
1007
1323
822
241
190
166
146
160
194
239
275
338
272
178
181
180
189
210
226
224
262
293
390
572
657
612
902
929
539
321
254
291
213
169
211
200
180
213
217
230
233
249
290
379
815
981
1179
753
240
185
177
156
164
194
233
261
316
256
176
173
181
175
183
214
222
283
296
386
638
663
619
968
995
543
317
252
296
211
168
207
199
180
210
225
227
245
257
301
388
807
988
1264
779
233
181
169
152
158
188
233
271
323
276
180
178
180
191
202
230
230
282
316
416
613
662
633
947
986
543
307
247
286
214
170
196
200
183
224
240
247
250
261
283
376
777
885
1191
771
238
187
165
145
156
192
240
282
355
282
178
175
187
198
197
221
226
283
311
412
618
637
588
909
934
544
326
254
286
209
169
188
199
173
213
232
257
244
261
302
404
817
970
1211
761
245
195
176
168
169
197
240
287
356
285
183
170
180
195
202
233
230
282
317
429
612
673
640
957
935
538
329
260
311
219
167
197
203
182
210
243
240
254
