0,0.15
1,0.12509266666667
2,0.12872866666667
3,0.14617866666667
4,0.11666666666667
5,0.134768
6,0.120861
7,0.11103766666667
8,0.10137066666667
9,0.09000466666667
10,0.13712666666667
11,0.13816466666667
12,0.11666666666667
13,0.13962833333333
14,0.143705
15,0.12803333333333
16,0.12196666666667
17,0.137638
18,0.14006366666667
19,0.12686133333333
20,0.12877033333333
21,0.14562266666667
22,0.13206666666667
23,0.13282933333333
24,0.13842333333333
25,0.13
26,0.13282366666667
27,0.12156766666667
28,0.13333333333333
29,0.143117
30,0.14021633333333
31,0.12388266666667
32,0.142784
33,0.125903
34,0.13979166666667
35,0.13025033333333
36,0.13738833333333
37,0.12032566666667
38,0.12967433333333
39,0.135253
40,0.14345366666667
41,0.13796
42,0.11666666666667
43,0.14231166666667
44,0.133845
45,0.13248233333333
46,0.12469433333333
47,0.10063333333333
48,0.12876
49,0.13576233333333
50,0.13484433333333
51,0.117275
52,0.13594366666667
53,0.13011466666667
54,0.13347566666667
55,0.133191
56,0.14180166666667
57,0.12548366666667
58,0.13329
59,0.14942466666667
60,0.13067566666667
61,0.135991
62,0.11666666666667
63,0.13333333333333
64,0.13946733333333
65,0.12719933333333
66,0.15
67,0.12222222222222
68,0.14024044444444
69,0.12682333333333
70,0.12782066666667
71,0.14585266666667
72,0.125243
73,0.12846433333333
74,0.13333333333333
75,0.15
76,0.11987433333333
77,0.13162733333333
78,0.14029833333333
79,0.13248333333333
80,0.14238333333333
81,0.12758833333333
82,0.12241166666667
83,0.13333333333333
84,0.13610133333333
85,0.13121266666667
86,0.132686
87,0.15
88,0.12222222222222
89,0.13835077777778
90,0.13333333333333
91,0.13333333333333
92,0.12276033333333
93,0.11814533333333
94,0.14852133333333
95,0.13333333333333
96,0.117604
97,0.13723966666667
98,0.12848966666667
99,0.13333333333333
100,0.13333333333333
101,0.147331
102,0.13600233333333
103,0.11666666666667
104,0.13333333333333
105,0.13333333333333
106,0.14415633333333
107,0.12782133333333
108,0.128061
109,0.14996133333333
110,0.12267233333333
111,0.13635666666667
112,0.13113266666667
113,0.14317166666667
114,0.12303166666667
115,0.12696833333333
116,0.15
117,0.13007866666667
118,0.11992133333333
119,0.13646166666667
120,0.14687166666667
121,0.11666666666667
122,0.13333333333333
123,0.142867
124,0.132277
125,0.136314
126,0.138542
127,0.129534
128,0.120466
129,0.139074
130,0.12759266666667
131,0.14075466666667
132,0.13683866666667
133,0.12512366666667
134,0.14621533333333
135,0.12777777777778
136,0.13869322222222
137,0.11793
138,0.1
139,0.14406333333333
140,0.13927
141,0.11666666666667
142,0.13333333333333
143,0.14012533333333
144,0.136195
145,0.12367966666667
146,0.1375
147,0.14583333333333
148,0.11666666666667
149,0.13333333333333
150,0.15
151,0.12515
152,0.13431766666667
153,0.12386566666667
154,0.14089133333333
155,0.12681833333333
156,0.122952
157,0.13994466666667
158,0.135523
159,0.13387066666667
160,0.13333333333333
161,0.12762866666667
162,0.132937
163,0.128899
164,0.13113533333333
165,0.144406
166,0.134994
167,0.117681
168,0.14553133333333
169,0.134442
170,0.13057733333333
171,0.13687633333333
172,0.134892
173,0.11902833333333
174,0.13851366666667
175,0.12579133333333
176,0.13333333333333
177,0.134419
178,0.13224766666667
179,0.14498866666667
180,0.13166533333333
181,0.14001266666667
182,0.127368
183,0.10596533333333
184,0.11876733333333
185,0.14789933333333
186,0.12604233333333
187,0.13206066666667
188,0.12730466666667
189,0.137613
190,0.129031
191,0.13128166666667
192,0.14451333333333
193,0.13542533333333
194,0.12533433333333
195,0.13099433333333
196,0.136563
197,0.14054866666667
198,0.11995433333333
199,0.13333333333333
200,0.15
201,0.11988133333333
202,0.13682733333333
203,0.14104366666667
204,0.128504
205,0.12570633333333
206,0.13137066666667
207,0.15
208,0.13021866666667
209,0.11978133333333
210,0.13977633333333
211,0.13704566666667
212,0.12955333333333
213,0.129721
214,0.14127266666667
215,0.13117
216,0.141461
217,0.13333333333333
218,0.12415466666667
219,0.13011166666667
220,0.12993866666667
221,0.140706
222,0.129494
223,0.12965433333333
224,0.13333333333333
225,0.139876
226,0.14166666666667
227,0.134398
228,0.12272766666667
229,0.114674
230,0.14593166666667
231,0.13333333333333
232,0.11666666666667
233,0.141219
234,0.12544766666667
235,0.13333333333333
236,0.11666666666667
237,0.144148
238,0.138168
239,0.117684
240,0.13333333333333
241,0.13897433333333
242,0.14234266666667
243,0.13406833333333
244,0.12287333333333
245,0.12993566666667
246,0.136291
247,0.11953
248,0.13985966666667
249,0.136125
250,0.13333333333333
251,0.13333333333333
252,0.125
253,0.14166666666667
254,0.11666666666667
255,0.13723266666667
256,0.14610066666667
257,0.13333333333333
258,0.120229
259,0.14324566666667
260,0.128278
261,0.13792133333333
262,0.13699266666667
263,0.13333333333333
264,0.12352066666667
265,0.12647933333333
266,0.141618
267,0.14171533333333
268,0.12579466666667
269,0.124472
270,0.144137
271,0.12631766666667
272,0.14594533333333
273,0.12462433333333
274,0.099341
275,0.109976
276,0.14323766666667
277,0.13258833333333
278,0.123566
279,0.13584933333333
280,0.13081733333333
281,0.121716
282,0.11161733333333
283,0.15
284,0.13333333333333
285,0.11666666666667
286,0.13333333333333
287,0.13333333333333
288,0.14843033333333
289,0.11823633333333
290,0.13333333333333
291,0.135139
292,0.138671
293,0.136765
294,0.139425
295,0.13333333333333
296,0.13105566666667
297,0.12973833333333
298,0.125139
299,0.14432166666667
300,0.12090333333333
301,0.13217533333333
302,0.15
303,0.12613733333333
304,0.12733766666667
305,0.14591366666667
306,0.13394466666667
307,0.12668233333333
308,0.13998433333333
309,0.12949233333333
310,0.12155666666667
311,0.13455
312,0.13106766666667
313,0.13400366666667
314,0.14932966666667
315,0.12329
316,0.14007066666667
317,0.12625166666667
318,0.13712733333333
319,0.12326033333333
320,0.1
321,0.149058
322,0.13427533333333
323,0.11666666666667
324,0.134084
325,0.13258266666667
326,0.13333333333333
327,0.11666666666667
328,0.11666666666667
329,0.15
330,0.13167433333333
331,0.124714
332,0.13696933333333
333,0.13997566666667
334,0.13132433333333
335,0.12475266666667
336,0.12725633333333
337,0.13761566666667
338,0.129051
339,0.15
340,0.12777777777778
341,0.13564022222222
342,0.12134033333333
343,0.13496133333333
344,0.13938133333333
345,0.12423233333333
346,0.13333333333333
347,0.13403
348,0.14412266666667
349,0.12184733333333
350,0.139755
351,0.14357833333333
352,0.12596966666667
353,0.140697
354,0.13333333333333
355,0.126274
356,0.12547533333333
357,0.13557033333333
358,0.129347
359,0.138807
360,0.13642966666667
361,0.13535433333333
362,0.13672966666667
363,0.12777777777778
364,0.13423722222222
365,0.12399766666667
366,0.11806766666667
367,0.146899
368,0.13503333333333
369,0.12152633333333
370,0.13191166666667
371,0.137079
372,0.128039
373,0.121741
374,0.139977
375,0.128522
376,0.12453733333333
377,0.140949
378,0.131224
379,0.14449366666667
380,0.11939466666667
381,0.13060533333333
382,0.137756
383,0.132922
384,0.129923
385,0.14692766666667
386,0.13167166666667
387,0.12390433333333
388,0.13775766666667
389,0.142471
390,0.12614533333333
391,0.12927033333333
392,0.12791766666667
393,0.144612
394,0.12205466666667
395,0.136054
396,0.14587566666667
397,0.131678
398,0.13639233333333
399,0.13306966666667
400,0.12600766666667
401,0.124256
402,0.13333333333333
403,0.135359
404,0.14797433333333
405,0.12627266666667
406,0.12372733333333
407,0.15
408,0.12937966666667
409,0.131324
410,0.130633
411,0.10866333333333
412,0.15
413,0.12702066666667
414,0.13030666666667
415,0.13301533333333
416,0.126324
417,0.13451133333333
418,0.120122
419,0.117932
420,0.13957766666667
421,0.12119033333333
422,0.13333333333333
423,0.14897533333333
424,0.134358
425,0.13214766666667
426,0.11785233333333
427,0.13640633333333
428,0.13026033333333
429,0.11978733333333
430,0.13871666666667
431,0.13333333333333
432,0.141496
433,0.121323
434,0.13249233333333
435,0.14618466666667
436,0.11666666666667
437,0.13333333333333
438,0.13853633333333
439,0.144797
440,0.11989766666667
441,0.13010233333333
442,0.14118866666667
443,0.14058166666667
444,0.12938233333333
445,0.13404966666667
446,0.129377
447,0.12542066666667
448,0.13333333333333
449,0.13333333333333
450,0.13333333333333
451,0.14088333333333
452,0.13214333333333
453,0.14364
454,0.128846
455,0.13333333333333
456,0.11099033333333
457,0.100931
458,0.142566
459,0.13333333333333
460,0.11666666666667
461,0.13333333333333
462,0.140177
463,0.132188
464,0.127635
465,0.14229966666667
466,0.134316
467,0.12338433333333
468,0.135898
469,0.144357
470,0.13641166666667
471,0.122227
472,0.127773
473,0.13883966666667
474,0.127827
475,0.11666666666667
476,0.14270633333333
477,0.140627
478,0.12740966666667
479,0.12259033333333
480,0.14444444444444
481,0.13888888888889
482,0.11666666666667
483,0.13945566666667
484,0.13668466666667
485,0.13815466666667
486,0.11903833333333
487,0.147378
488,0.12776933333333
489,0.14151933333333
490,0.12680833333333
491,0.13588066666667
492,0.12064433333333
493,0.13333333333333
494,0.13987766666667
495,0.14345566666667
496,0.132712
497,0.12652633333333
498,0.131204
499,0.141574
500,0.13092133333333
501,0.12314766666667
502,0.101222
503,0.110895
504,0.127184
505,0.13748733333333
506,0.12045966666667
507,0.13333333333333
508,0.134425
509,0.13224166666667
510,0.11666666666667
511,0.14193666666667
512,0.14139666666667
513,0.122637
514,0.127363
515,0.13333333333333
516,0.14744266666667
517,0.119224
518,0.13333333333333
519,0.13845733333333
520,0.135857
521,0.131544
522,0.14414166666667
523,0.12564
524,0.12436
525,0.138948
526,0.14146766666667
527,0.136251
528,0.12058566666667
529,0.13401
530,0.14540433333333
531,0.11840966666667
532,0.13888633333333
533,0.142704
534,0.13333333333333
535,0.13333333333333
536,0.13333333333333
537,0.12811733333333
538,0.12188266666667
539,0.13333333333333
540,0.13333333333333
541,0.14564733333333
542,0.13005266666667
543,0.12895033333333
544,0.13727266666667
545,0.12474366666667
546,0.15
547,0.11844433333333
548,0.102318
549,0.14337433333333
550,0.131383
551,0.126254
552,0.13000466666667
553,0.13218033333333
554,0.136597
555,0.11897
556,0.116835
557,0.14363933333333
558,0.12862566666667
559,0.126904
560,0.14139933333333
561,0.13146266666667
562,0.138275
563,0.11666666666667
564,0.13712866666667
565,0.129538
566,0.123758
567,0.14290866666667
568,0.13333333333333
569,0.13269066666667
570,0.12038533333333
571,0.13765633333333
572,0.142601
573,0.13333333333333
574,0.11666666666667
575,0.13333333333333
576,0.15
577,0.11696833333333
578,0.13303166666667
579,0.143165
580,0.139602
581,0.13389966666667
582,0.13280833333333
583,0.12538233333333
584,0.13187566666667
585,0.13199866666667
586,0.12995933333333
587,0.131309
588,0.147587
589,0.13333333333333
590,0.13525566666667
591,0.12507166666667
592,0.141558
593,0.12233433333333
594,0.11235
595,0.14917666666667
596,0.13333333333333
597,0.11666666666667
598,0.13953066666667
599,0.127136
600,0.13333333333333
601,0.11666666666667
602,0.14569866666667
603,0.134956
604,0.119416
605,0.13952633333333
606,0.14373633333333
607,0.13333333333333
608,0.128531
609,0.121469
610,0.13866166666667
611,0.128005
612,0.11666666666667
613,0.14168833333334
614,0.141645
615,0.13004766666667
616,0.11995233333333
617,0.13333333333333
618,0.15
619,0.11739566666667
620,0.13260433333333
621,0.14687133333333
622,0.13463966666667
623,0.118489
624,0.146205
625,0.13712833333333
626,0.13333333333333
627,0.13333333333333
628,0.13178566666667
629,0.11821433333333
630,0.13333333333333
631,0.13333333333333
632,0.13657133333334
633,0.144293
634,0.12523133333333
635,0.14264833333333
636,0.13160566666667
637,0.136317
638,0.121628
639,0.102854
640,0.10885
641,0.13333466666666
642,0.13333333333333
643,0.12012233333334
644,0.13272566666667
645,0.13048533333333
646,0.13333333333333
647,0.13333333333333
648,0.15
649,0.13303533333334
650,0.11696466666666
651,0.13333333333333
652,0.13377933333334
653,0.14365933333333
654,0.12256133333333
655,0.13771233333334
656,0.14044833333333
657,0.12183933333333
658,0.14493933333334
659,0.12309466666667
660,0.14863266666666
661,0.12295133333334
662,0.13124766666667
663,0.145801
664,0.13160433333334
665,0.126508
666,0.12567
667,0.149551
668,0.11666666666667
669,0.13333333333333
670,0.15
671,0.13333333333333
672,0.125991
673,0.13868633333333
674,0.13532266666666
675,0.11666666666667
676,0.13333333333333
677,0.13333333333333
678,0.14070566666667
679,0.14262766666666
680,0.13333333333333
681,0.12510666666667
682,0.12489333333333
683,0.14799333333334
684,0.122899
685,0.103558
686,0.14221633333333
687,0.13209466666667
688,0.120908
689,0.13079833333333
690,0.13286566666666
691,0.13333333333333
692,0.11666666666667
693,0.11768466666667
694,0.148982
695,0.12507466666667
696,0.12492533333333
697,0.139452
698,0.13979633333333
699,0.13641
700,0.117675
701,0.13333333333333
702,0.13333333333333
703,0.119591
704,0.14707566666666
705,0.122041
706,0.143641
707,0.12225433333333
708,0.13273333333333
709,0.13828233333333
710,0.12747166666667
711,0.130243
712,0.13549966666667
713,0.14188433333333
714,0.122616
715,0.13333333333333
716,0.137203
717,0.14428833333333
718,0.13049033333333
719,0.13227166666667
720,0.12241333333333
721,0.13333333333333
722,0.13926033333334
723,0.13274633333333
724,0.13418566666667
725,0.14069266666667
726,0.13117033333333
727,0.13861133333333
728,0.117537
729,0.13333333333333
730,0.11892266666667
731,0.104108
732,0.14276566666666
733,0.13333333333333
734,0.11666666666667
735,0.13333333333333
736,0.14165833333334
737,0.131607
738,0.12673466666666
739,0.14953633333334
740,0.12821566666667
741,0.122248
742,0.13333333333333
743,0.13754433333334
744,0.145789
745,0.12348133333334
746,0.12651866666666
747,0.139876
748,0.12679066666666
749,0.11920966666667
750,0.14177166666667
751,0.13901866666666
752,0.12534
753,0.130217
754,0.12916666666667
755,0.14860966666666
756,0.11666666666667
757,0.13333333333333
758,0.15
759,0.13333333333333
760,0.11666666666667
761,0.14358333333334
762,0.13975
763,0.12526233333334
764,0.14140433333333
765,0.13333333333333
766,0.118506
767,0.131494
768,0.13782333333334
769,0.14160033333333
770,0.13324533333333
771,0.12761733333333
772,0.139279
773,0.13710133333333
774,0.13333333333333
775,0.11666666666667
776,0.1
777,0.104374
778,0.145626
779,0.130608
780,0.119392
781,0.14145166666667
782,0.125215
783,0.12306633333334
784,0.110267
785,0.15
786,0.12540033333334
787,0.12459966666666
788,0.13333333333333
789,0.14123566666667
790,0.14031666666667
791,0.13290433333333
792,0.12142833333333
793,0.14399633333333
794,0.12508433333333
795,0.12836766666666
796,0.15
797,0.13333333333333
798,0.13277666666667
799,0.123916
800,0.135046
801,0.14019766666667
802,0.11806366666666
803,0.13333333333333
804,0.15
805,0.12651933333334
806,0.12348066666666
807,0.14288666666667
808,0.14044666666666
809,0.13192066666667
810,0.132044
811,0.13529766666667
812,0.11740433333333
813,0.13333333333333
814,0.13333333333333
815,0.14342033333334
816,0.13943433333333
817,0.12372566666667
818,0.14341966666666
819,0.11868333333334
820,0.14798333333333
821,0.11666666666667
822,0.10011366666667
823,0.126065
824,0.140488
825,0.13255633333334
826,0.11849166666667
827,0.13606333333333
828,0.136043
829,0.12684566666666
830,0.13134466666667
831,0.13452633333333
832,0.134129
833,0.11666666666667
834,0.13333333333333
835,0.141485
836,0.14184833333333
837,0.123933
838,0.126067
839,0.13711433333334
840,0.13123
841,0.14543266666667
842,0.13020333333333
843,0.139353
844,0.129017
845,0.12451566666667
846,0.14067166666667
847,0.139129
848,0.11666666666667
849,0.13333333333333
850,0.14293833333334
851,0.12372833333333
852,0.139002
853,0.14433133333333
854,0.13333333333333
855,0.13333333333333
856,0.13333333333333
857,0.12883866666667
858,0.12116133333333
859,0.134991
860,0.138708
861,0.126301
862,0.145639
863,0.13769433333333
864,0.133166
865,0.12756066666667
866,0.13160233333333
867,0.11472
868,0.092951
869,0.14337
870,0.13789566666667
871,0.11873433333333
872,0.13333333333333
873,0.13333333333333
874,0.12457366666667
875,0.10875966666666
876,0.11666666666667
877,0.14498866666667
878,0.13834466666666
879,0.11666666666667
880,0.13333333333333
881,0.14077833333334
882,0.142555
883,0.11666666666667
884,0.13333333333333
885,0.14013766666667
886,0.126639
887,0.14989
888,0.12699333333334
889,0.13672466666667
890,0.12303933333333
891,0.13228533333333
892,0.14325633333333
893,0.12103433333333
894,0.135234
895,0.13143266666666
896,0.1462
897,0.12046666666666
898,0.13333333333333
899,0.14317333333334
900,0.12852466666667
901,0.137619
902,0.140683
903,0.12743133333334
904,0.12834733333333
905,0.13571833333333
906,0.13222933333333
907,0.12627366666666
908,0.13550133333334
909,0.13378633333333
910,0.13700966666667
911,0.13631666666667
912,0.13857466666667
913,0.12058633333333
914,0.13155833333333
915,0.15
916,0.13333333333333
917,0.12267833333334
918,0.12732166666666
919,0.136278
920,0.13038866666666
921,0.12317133333334
922,0.14258033333333
923,0.13176166666667
924,0.11915333333333
925,0.13801833333334
926,0.12864833333333
927,0.15
928,0.11666666666667
929,0.13380333333334
930,0.14327333333333
931,0.129154
932,0.14153633333333
933,0.13556633333333
934,0.125789
935,0.12681833333333
936,0.130726
937,0.148425
938,0.127116
939,0.128817
940,0.12897533333333
941,0.14352866666667
942,0.12447566666667
943,0.13630266666667
944,0.14367466666667
945,0.135349
946,0.133336
947,0.12891866666667
948,0.13534133333333
949,0.11907333333333
950,0.13341466666667
951,0.135397
952,0.137668
953,0.12952133333333
954,0.14444444444444
955,0.12571922222222
956,0.130303
957,0.14686566666666
958,0.11666666666667
959,0.1
960,0.142336
961,0.13933666666667
962,0.119679
963,0.13352333333333
964,0.13179166666666
965,0.13551666666667
966,0.120709
967,0.115827
968,0.13821866666667
969,0.123062
970,0.13333333333333
971,0.15
972,0.13333333333333
973,0.13333333333333
974,0.11666666666667
975,0.13333333333333
976,0.13736833333334
977,0.12929833333333
978,0.14794933333334
979,0.13340466666667
980,0.12904566666667
981,0.12293366666666
982,0.13333333333333
983,0.14624066666667
984,0.12708833333333
985,0.12871633333333
986,0.14725033333333
987,0.13403766666666
988,0.11666666666667
989,0.13333333333333
990,0.137676
991,0.14165933333333
992,0.13733133333333
993,0.11666666666667
994,0.13333333333333
995,0.13333333333333
996,0.13693366666667
997,0.129733
998,0.136672
999,0.140261
1000,0.133818
1001,0.13465633333333
1002,0.13436366666667
1003,0.12519466666667
1004,0.111701
1005,0.11666666666667
1006,0.14838766666667
1007,0.13494566666666
1008,0.11666666666667
1009,0.138925
1010,0.12802233333333
1011,0.133798
1012,0.132588
1013,0.14557166666667
1014,0.13776166666666
1015,0.120147
1016,0.13697633333333
1017,0.129699
1018,0.146511
1019,0.11666666666667
1020,0.13908933333334
1021,0.13803866666667
1022,0.12492033333333
1023,0.13467166666667
1024,0.13839666666667
1025,0.14155
1026,0.13057066666667
1027,0.11942933333333
1028,0.14454866666667
1029,0.13654233333333
1030,0.118909
1031,0.13343666666667
1032,0.14989666666666
1033,0.12249666666667
1034,0.13320666666667
1035,0.14429666666666
1036,0.13333333333333
1037,0.13333333333333
1038,0.12576
1039,0.13656633333333
1040,0.121007
1041,0.137013
1042,0.12965366666666
1043,0.13542066666667
1044,0.142196
1045,0.13333333333333
1046,0.13627133333333
1047,0.12292166666667
1048,0.14425
1049,0.126625
1050,0.108982
1051,0.146812
1052,0.13337766666667
1053,0.11981033333333
1054,0.13333333333333
1055,0.13708833333334
1056,0.132861
1057,0.117646
1058,0.12916666666667
1059,0.14990466666666
1060,0.11666666666667
1061,0.13629166666667
1062,0.14071333333333
1063,0.13966166666666
1064,0.12819233333334
1065,0.12180766666666
1066,0.13333333333333
1067,0.13407633333334
1068,0.121445
1069,0.14408866666667
1070,0.13372333333333
1071,0.13333333333333
1072,0.125769
1073,0.12957966666667
1074,0.14465133333333
1075,0.119544
1076,0.130456
1077,0.15
1078,0.13333333333333
1079,0.11666666666667
1080,0.14329633333334
1081,0.133248
1082,0.14012233333333
1083,0.13333333333333
1084,0.13333333333333
1085,0.11666666666667
1086,0.13333333333333
1087,0.13468766666667
1088,0.13917533333333
1089,0.129655
1090,0.12981533333333
1091,0.141286
1092,0.13673866666667
1093,0.138642
1094,0.11666666666667
1095,0.10303933333334
1096,0.101089
1097,0.14587166666666
1098,0.13333333333333
1099,0.124563
1100,0.125437
1101,0.135379
1102,0.13128766666666
1103,0.11873933333334
1104,0.135616
1105,0.14548533333333
1106,0.123511
1107,0.12857466666667
1108,0.145868
1109,0.134088
1110,0.11811766666666
1111,0.13333333333333
1112,0.145888
1113,0.12077866666666
1114,0.12059066666667
1115,0.14493466666667
1116,0.12744533333333
1117,0.13493233333333
1118,0.130056
1119,0.12537433333333
1120,0.15
1121,0.11666666666667
1122,0.13333333333333
1123,0.14170466666667
1124,0.13557866666667
1125,0.12950333333333
1126,0.13669966666667
1127,0.139847
1128,0.12785333333334
1129,0.13583766666667
1130,0.136309
1131,0.119194
1132,0.13531233333333
1133,0.128827
1134,0.14482533333334
1135,0.13449533333333
1136,0.12626233333333
1137,0.133064
1138,0.13996
1139,0.13805966666666
1140,0.11666666666667
1141,0.1
1142,0.10537766666667
1143,0.14255366666667
1144,0.135402
1145,0.11666666666667
1146,0.13333333333333
1147,0.13488966666667
1148,0.131777
1149,0.121853
1150,0.138857
1151,0.13893666666667
1152,0.12454866666667
1153,0.132965
1154,0.133023
1155,0.13494633333333
1156,0.12487033333333
1157,0.13791366666667
1158,0.14499033333333
1159,0.11893733333333
1160,0.131492
1161,0.14584566666667
1162,0.13748766666666
1163,0.13113033333334
1164,0.120906
1165,0.14124733333333
1166,0.14004966666666
1167,0.11666666666667
1168,0.13830466666667
1169,0.14502866666666
1170,0.12155333333334
1171,0.12844666666666
1172,0.14233666666667
1173,0.14099666666666
1174,0.13333333333333
1175,0.131489
1176,0.13354066666667
1177,0.11830366666666
1178,0.13333333333333
1179,0.14097133333334
1180,0.13614733333333
1181,0.13357266666667
1182,0.12659766666667
1183,0.142048
1184,0.12472066666667
1185,0.14594233333333
1186,0.119339
1187,0.0974
1188,0.14170833333333
1189,0.137055
1190,0.129447
1191,0.13226666666667
1192,0.13022833333333
1193,0.132105
1194,0.121537
1195,0.114152
1196,0.13894633333333
1197,0.13350833333333
1198,0.123992
1199,0.13573933333333
1200,0.14337633333333
1201,0.12808366666667
1202,0.124449
1203,0.13333333333333
1204,0.13333333333333
1205,0.12266566666667
1206,0.14242933333333
1207,0.13283333333333
1208,0.135405
1209,0.126862
1210,0.12587766666667
1211,0.14726033333333
1212,0.13263133333334
1213,0.11736866666666
1214,0.13333333333333
1215,0.15
1216,0.12012566666667
1217,0.136726
1218,0.14314833333333
1219,0.12611366666667
1220,0.140553
1221,0.13333333333333
1222,0.12717366666667
1223,0.12946266666667
1224,0.12957766666667
1225,0.13045266666666
1226,0.13805333333334
1227,0.14528
1228,0.12777777777778
1229,0.13888888888889
1230,0.125
1231,0.137318
1232,0.12307133333333
1233,0.11461066666666
1234,0.15
1235,0.13333333333333
1236,0.11666666666667
1237,0.13504366666667
1238,0.138854
1239,0.12938
1240,0.13005566666666
1241,0.15
1242,0.13333333333333
1243,0.11666666666667
1244,0.14156166666667
1245,0.127405
1246,0.1477
1247,0.12070333333334
1248,0.12929666666666
1249,0.13728066666667
1250,0.135234
1251,0.136293
1252,0.14119233333333
1253,0.13333333333333
1254,0.125963
1255,0.124037
1256,0.149755
1257,0.12952
1258,0.120725
1259,0.140029
1260,0.13762466666667
1261,0.12254533333333
1262,0.13313433333333
1263,0.15
1264,0.13333333333333
1265,0.12531433333334
1266,0.14135233333333
1267,0.12903433333334
1268,0.12096566666666
1269,0.13722866666667
1270,0.13758666666667
1271,0.13659033333333
1272,0.12256633333333
1273,0.137265
1274,0.138614
1275,0.12348233333333
1276,0.15
1277,0.11666666666667
1278,0.101864
1279,0.148136
1280,0.12823733333334
1281,0.12176266666666
1282,0.140851
1283,0.13040633333333
1284,0.12874266666666
1285,0.11666666666667
1286,0.11666666666667
1287,0.14470533333334
1288,0.138628
1289,0.11666666666667
1290,0.13333333333333
1291,0.141181
1292,0.14215233333333
1293,0.11666666666667
1294,0.13767
1295,0.12899666666666
1296,0.13333333333333
1297,0.14634266666667
1298,0.13699066666666
1299,0.12549866666667
1300,0.12582533333333
1301,0.13513933333333
1302,0.13897633333333
1303,0.12456033333333
1304,0.13333333333333
1305,0.137381
1306,0.14147566666667
1307,0.12114333333333
1308,0.13921
1309,0.14412333333333
1310,0.13333333333333
1311,0.13333333333333
1312,0.13333333333333
1313,0.121239
1314,0.128761
1315,0.13638766666667
1316,0.130279
1317,0.13333333333333
1318,0.14496766666667
1319,0.13687733333333
1320,0.13479733333333
1321,0.121934
1322,0.13728966666667
1323,0.109531
1324,0.10081
1325,0.14712633333333
1326,0.13022733333334
1327,0.12656666666667
1328,0.12653933333333
1329,0.137016
1330,0.134771
1331,0.128213
1332,0.14225866666667
1333,0.136847
1334,0.12089433333333
1335,0.140333
1336,0.14300033333333
1337,0.13333333333333
1338,0.118548
1339,0.136665
1340,0.14374233333333
1341,0.12190533333333
1342,0.120074
1343,0.14233766666667
1344,0.13339433333333
1345,0.12518833333334
1346,0.126776
1347,0.131369
1348,0.14918733333334
1349,0.11747933333333
1350,0.13333333333333
1351,0.141831
1352,0.13555066666667
1353,0.12261833333333
1354,0.15
1355,0.13333333333333
1356,0.126944
1357,0.13823266666667
1358,0.13432366666667
1359,0.12526133333333
1360,0.12523833333333
1361,0.137212
1362,0.14512833333333
1363,0.13351533333333
1364,0.13131433333333
1365,0.13215166666667
1366,0.12697
1367,0.13759033333333
1368,0.12841666666667
1369,0.102232
1370,0.115174
1371,0.14348866666667
1372,0.13347333333333
1373,0.11666666666667
1374,0.136935
1375,0.132769
1376,0.130296
1377,0.12518933333334
1378,0.134058
1379,0.13825833333333
1380,0.12308466666667
1381,0.135919
1382,0.126824
1383,0.14672633333334
1384,0.125474
1385,0.12779966666666
1386,0.13869566666667
1387,0.132956
1388,0.145015
1389,0.13215
1390,0.13451666666666
1391,0.12631566666667
1392,0.13016066666667
1393,0.14352366666666
1394,0.13333333333333
1395,0.11666666666667
1396,0.13333333333333
1397,0.14610733333334
1398,0.12055933333333
1399,0.13333333333333
1400,0.15
1401,0.12972533333334
1402,0.132129
1403,0.13814566666666
1404,0.12738333333334
1405,0.12261666666666
1406,0.13333333333333
1407,0.13333333333333
1408,0.13706866666667
1409,0.13097733333333
1410,0.13333333333333
1411,0.138394
1412,0.13888888888889
1413,0.13800444444444
1414,0.11666666666667
1415,0.10127466666667
1416,0.143151
1417,0.130867
1418,0.12924666666667
1419,0.13387933333333
1420,0.128248
1421,0.13360633333334
1422,0.123229
1423,0.116471
1424,0.14336033333333
1425,0.13038033333334
1426,0.11961966666666
1427,0.13386966666667
1428,0.14946366666666
1429,0.12556866666667
1430,0.128722
1431,0.13519233333333
1432,0.12718366666666
1433,0.117332
1434,0.14933466666666
1435,0.121591
1436,0.14507566666666
1437,0.12146066666667
1438,0.13383333333333
1439,0.144706
1440,0.12411833333334
1441,0.12588166666666
1442,0.13333333333333
1443,0.15
1444,0.11855633333334
1445,0.137517
1446,0.14392666666666
1447,0.13333333333333
1448,0.12723366666667
1449,0.139433
1450,0.12362466666667
1451,0.12637533333333
1452,0.13333333333333
1453,0.13828833333334
1454,0.13314866666667
1455,0.14522966666666
1456,0.13333333333333
1457,0.12539866666667
1458,0.13571366666667
1459,0.13333333333333
1460,0.11114433333333
1461,0.102494
1462,0.13894566666667
1463,0.13630366666666
1464,0.11666666666667
1465,0.13333333333333
1466,0.135988
1467,0.132636
1468,0.121674
1469,0.129638
1470,0.14653633333333
1471,0.1241
1472,0.13216733333333
1473,0.14039333333333
1474,0.136867
1475,0.132394
1476,0.12179466666667
1477,0.12914466666666
1478,0.137865
1479,0.12880166666666
1480,0.15
1481,0.13046633333334
1482,0.13414533333333
1483,0.125935
1484,0.12612
1485,0.14375933333334
1486,0.12411766666667
1487,0.132123
1488,0.15
1489,0.13062133333334
1490,0.11937866666666
1491,0.15
1492,0.13333333333333
1493,0.12631266666667
1494,0.140354
1495,0.13333333333333
1496,0.121507
1497,0.13582233333333
1498,0.126004
1499,0.14283433333334
1500,0.12677633333333
1501,0.13257966666667
1502,0.14780966666666
1503,0.13306966666667
1504,0.133597
1505,0.11666666666667
1506,0.1
1507,0.11348666666667
1508,0.13651333333333
1509,0.130955
1510,0.124262
1511,0.12866866666667
1512,0.136541
1513,0.12957333333333
1514,0.12313866666667
1515,0.138111
1516,0.13875033333333
1517,0.122035
1518,0.130164
1519,0.13113433333333
1520,0.14995066666667
1521,0.116716
1522,0.13333333333333
1523,0.14194133333334
1524,0.12472533333333
1525,0.13333333333333
1526,0.15
1527,0.13017000000001
1528,0.12508133333333
1529,0.12808199999999
1530,0.13404933333334
1531,0.14510266666667
1532,0.12166533333333
1533,0.13251599999999
1534,0.14218866666667
1535,0.131484
1536,0.12632733333333
1537,0.15
1538,0.13333333333333
1539,0.12905233333334
1540,0.13761433333333
1541,0.12810333333334
1542,0.12189666666666
1543,0.14154266666667
1544,0.125633
1545,0.14228833333333
1546,0.139029
1547,0.12799066666667
1548,0.13308266666667
1549,0.12512866666667
1550,0.14863833333333
1551,0.11833800000001
1552,0.102472
1553,0.13831733333333
1554,0.135969
1555,0.12157033333333
1556,0.14035900000001
1557,0.13018833333333
1558,0.134665
1559,0.12812099999999
1560,0.13049733333334
1561,0.13616933333333
1562,0.13333333333333
1563,0.11666666666667
1564,0.14299633333334
1565,0.13684033333333
1566,0.13682999999999
1567,0.11993733333334
1568,0.13570633333333
1569,0.12768966666666
1570,0.12466500000001
1571,0.14200166666666
1572,0.12031300000001
1573,0.14635366666666
1574,0.12158966666667
1575,0.13012133333333
1576,0.14828899999999
1577,0.11666666666667
1578,0.13552000000001
1579,0.13114666666666
1580,0.14350100000001
1581,0.12316566666666
1582,0.13807166666667
1583,0.14405866666667
1584,0.13453633333333
1585,0.12620266666667
1586,0.13811266666667
1587,0.11901799999999
1588,0.13333333333333
1589,0.13333333333333
1590,0.13333333333333
1591,0.14033466666667
1592,0.13491566666667
1593,0.13098133333333
1594,0.13768166666667
1595,0.13106833333333
1596,0.128796
1597,0.12955566666666
1598,0.13333333333333
1599,0.15
1600,0.13333333333333
1601,0.11666666666667
1602,0.14061500000001
1603,0.12605166666666
1604,0.12357066666667
1605,0.110205
1606,0.14955766666666
1607,0.13322300000001
1608,0.11677699999999
1609,0.13333333333333
1610,0.13333333333333
1611,0.14876033333334
1612,0.11790633333333
1613,0.13333333333333
1614,0.13517300000001
1615,0.131879
1616,0.13294799999999
1617,0.14428666666667
1618,0.13107766666667
1619,0.12463566666666
1620,0.13333333333333
1621,0.14338366666667
1622,0.13565133333333
1623,0.12400233333333
1624,0.13678866666667
1625,0.138603
1626,0.12157099999999
1627,0.13468666666667
1628,0.14864666666666
1629,0.13333333333333
1630,0.13222566666667
1631,0.13444099999999
1632,0.13078100000001
1633,0.11921899999999
1634,0.13925333333334
1635,0.131805
1636,0.14309933333333
1637,0.12222222222222
1638,0.13744711111111
1639,0.138986
1640,0.12357466666667
1641,0.14694566666666
1642,0.12077366666667
1643,0.096455
1644,0.14943799999999
1645,0.13333333333333
1646,0.11666666666667
1647,0.13993266666667
1648,0.13282733333333
1649,0.12723999999999
1650,0.11666666666667
1651,0.11666666666667
1652,0.14672800000001
1653,0.13660533333333
1654,0.11666666666667
1655,0.13384166666667
1656,0.14697533333333
1657,0.13029266666667
1658,0.12222366666666
1659,0.13381566666667
1660,0.13285099999999
1661,0.12157200000001
1662,0.14407433333333
1663,0.13315833333333
1664,0.13452866666666
1665,0.11769766666667
1666,0.13230233333333
1667,0.15
1668,0.12660600000001
1669,0.13082566666667
1670,0.128679
1671,0.14722266666666
1672,0.11666666666667
1673,0.13736633333334
1674,0.14596699999999
1675,0.13297366666667
1676,0.12988033333333
1677,0.13207366666667
1678,0.12263433333333
1679,0.13243799999999
1680,0.13525833333334
1681,0.13140833333333
1682,0.14121366666667
1683,0.13993466666667
1684,0.13333333333333
1685,0.13551833333333
1686,0.12777777777778
1687,0.13286188888889
1688,0.12488533333333
1689,0.115687
1690,0.14213766666667
1691,0.13998366666666
1692,0.11666666666667
1693,0.14003833333334
1694,0.12743533333333
1695,0.13252633333333
1696,0.11769866666667
1697,0.14506333333333
1698,0.13723799999999
1699,0.12031200000001
1700,0.13059766666667
1701,0.147363
1702,0.13506066666666
1703,0.12465700000001
1704,0.12534299999999
1705,0.13900266666667
1706,0.12766399999999
1707,0.11666666666667
1708,0.15
1709,0.13278333333334
1710,0.13388333333333
1711,0.12848100000001
1712,0.125
1713,0.14213666666667
1714,0.12104899999999
1715,0.13333333333333
1716,0.15
1717,0.12697900000001
1718,0.12302099999999
1719,0.15
1720,0.12906400000001
1721,0.13760266666666
1722,0.13333333333333
1723,0.13333333333333
1724,0.12068166666667
1725,0.12931833333333
1726,0.14093900000001
1727,0.14239433333333
1728,0.13333333333333
1729,0.13245833333334
1730,0.12712166666667
1731,0.13176166666667
1732,0.13680533333333
1733,0.12584366666667
1734,0.104327
1735,0.1152
1736,0.13950166666667
1737,0.13525333333333
1738,0.11839399999999
1739,0.13477033333334
1740,0.134602
1741,0.13062766666666
1742,0.12706966666667
1743,0.136224
1744,0.13614433333333
1745,0.11722866666666
1746,0.13333333333333
1747,0.13497833333334
1748,0.14835499999999
1749,0.11666666666667
1750,0.13686166666667
1751,0.14240333333333
1752,0.12073499999999
1753,0.14244666666667
1754,0.13695033333333
1755,0.13318
1756,0.12648033333333
1757,0.13323366666667
1758,0.13888566666667
1759,0.13882333333333
1760,0.11666666666667
1761,0.13333333333333
1762,0.15
1763,0.11666666666667
1764,0.13333333333333
1765,0.15
1766,0.13333333333333
1767,0.13333333333333
1768,0.13124500000001
1769,0.13357933333333
1770,0.11885833333333
1771,0.13524066666667
1772,0.13122
1773,0.13586
1774,0.14479933333333
1775,0.13274133333333
1776,0.13435733333333
1777,0.12660366666667
1778,0.13498733333333
1779,0.12384099999999
1780,0.10163900000001
1781,0.142661
1782,0.13903333333333
1783,0.11666666666667
1784,0.13333333333333
1785,0.13581900000001
1786,0.131585
1787,0.118302
1788,0.12338533333333
1789,0.14090866666666
1790,0.12342866666667
1791,0.12766166666667
1792,0.14890966666666
1793,0.13029900000001
1794,0.13245033333333
1795,0.12058399999999
1796,0.14027833333334
1797,0.12638833333333
1798,0.12354133333334
1799,0.13676666666667
1800,0.12441666666667
1801,0.14860866666666
1802,0.12746800000001
1803,0.134231
1804,0.13492
1805,0.121465
1806,0.13929533333333
1807,0.12870333333333
1808,0.14351833333333
1809,0.128537
1810,0.12775533333333
1811,0.14520966666667
1812,0.13478
1813,0.13411699999999
1814,0.13333333333333
1815,0.11666666666667
1816,0.13333333333333
1817,0.13550200000001
1818,0.13188033333333
1819,0.13261766666666
1820,0.13644033333334
1821,0.13074766666667
1822,0.14947866666666
1823,0.13058066666667
1824,0.13147566666667
1825,0.12191733333333
1826,0.123907
1827,0.14211933333333
1828,0.13333333333333
1829,0.11666666666667
1830,0.13333333333333
1831,0.13525066666667
1832,0.13141599999999
1833,0.11960100000001
1834,0.139333
1835,0.13630266666667
1836,0.12142999999999
1837,0.13874433333334
1838,0.132208
1839,0.14447433333333
1840,0.12140533333333
1841,0.130794
1842,0.14134633333333
1843,0.12436099999999
1844,0.12185333333334
1845,0.14481333333333
1846,0.13087966666667
1847,0.12617133333333
1848,0.12628233333333
1849,0.13333333333333
1850,0.14878000000001
1851,0.11788666666666
1852,0.13333333333333
1853,0.15
1854,0.12577833333334
1855,0.13242733333333
1856,0.136531
1857,0.135381
1858,0.13654899999999
1859,0.13333333333333
1860,0.13333333333333
1861,0.11903833333334
1862,0.136066
1863,0.12822899999999
1864,0.13652133333334
1865,0.14161433333333
1866,0.12186433333333
1867,0.14606533333334
1868,0.12740366666667
1869,0.14112933333333
1870,0.12690733333333
1871,0.099752
1872,0.12540899999999
1873,0.13333333333333
1874,0.12959433333334
1875,0.12040566666666
1876,0.13333333333333
1877,0.13333333333333
1878,0.12157766666667
1879,0.11175566666666
1880,0.14839066666667
1881,0.12871566666667
1882,0.12791533333333
1883,0.12831166666666
1884,0.13333333333333
1885,0.14235766666667
1886,0.12430899999999
1887,0.13333333333333
1888,0.15
1889,0.12162566666667
1890,0.13333333333333
1891,0.14097166666667
1892,0.13740266666666
1893,0.12838833333334
1894,0.12161166666666
1895,0.15
1896,0.13223666666667
1897,0.123873
1898,0.12722366666666
1899,0.15
1900,0.11977100000001
1901,0.13022899999999
1902,0.15
1903,0.13333333333333
1904,0.13333333333333
1905,0.13333333333333
1906,0.13333333333333
1907,0.11666666666667
1908,0.13333333333333
1909,0.13333333333333
1910,0.14352066666667
1911,0.12747833333333
1912,0.14169366666667
1913,0.136511
1914,0.133674
1915,0.13231033333333
1916,0.12245
1917,0.101581
1918,0.141793
1919,0.129585
1920,0.12273633333333
1921,0.13333333333333
1922,0.13645966666667
1923,0.131292
1924,0.13224833333333
1925,0.13560266666667
1926,0.14205433333333
1927,0.125381
1928,0.13441533333333
1929,0.14016933333333
1930,0.13904399999999
1931,0.12996500000001
1932,0.12003499999999
1933,0.13959400000001
1934,0.12707266666666
1935,0.11800266666667
1936,0.14866399999999
1937,0.13333333333333
1938,0.13204466666667
1939,0.11795533333333
1940,0.14163733333334
1941,0.14169599999999
1942,0.12441633333334
1943,0.12808833333333
1944,0.143811
1945,0.13701766666666
1946,0.12350700000001
1947,0.13628466666667
1948,0.13253
1949,0.14101166666666
1950,0.13333333333333
1951,0.13333333333333
1952,0.11666666666667
1953,0.14118533333334
1954,0.12548133333333
1955,0.13333333333333
1956,0.13333333333333
1957,0.13333333333333
1958,0.13417100000001
1959,0.142214
1960,0.13363266666667
1961,0.126167
1962,0.09714866666666
1963,0.1
1964,0.14805500000001
1965,0.13527833333333
1966,0.11666666666667
1967,0.13901366666667
1968,0.12765299999999
1969,0.12221533333334
1970,0.11111799999999
1971,0.11666666666667
1972,0.15
1973,0.11767900000001
1974,0.13841033333333
1975,0.14232533333333
1976,0.13491866666666
1977,0.13333333333333
1978,0.11666666666667
1979,0.13333333333333
1980,0.13333333333333
1981,0.11707900000001
1982,0.14561366666667
1983,0.13730733333333
1984,0.13101200000001
1985,0.12307433333333
1986,0.13319233333333
1987,0.14025
1988,0.12909533333333
1989,0.12915433333333
1990,0.14482533333333
1991,0.12985766666667
1992,0.12287199999999
1993,0.14561500000001
1994,0.132215
1995,0.13883666666666
1996,0.12947266666667
1997,0.13618766666667
1998,0.11767299999999
1999,0.13333333333333
