0,0.14973033333333
1,0.128462
2,0.12180766666667
3,0.13543466666666
4,0.131232
5,0.13333333333333
6,0.14269
7,0.13957866666667
8,0.11780466666667
9,0.13326
10,0.135795
11,0.13087166666667
12,0.133705
13,0.13296166666667
14,0.13333333333333
15,0.13333333333333
16,0.14034166666666
17,0.13659066666667
18,0.13169966666667
19,0.13666666666667
20,0.12893366666667
21,0.12989266666667
22,0.14135533333333
23,0.12846366666667
24,0.14090533333333
25,0.12777777777778
26,0.12777777777778
27,0.14444444444444
28,0.12777777777778
29,0.12711922222222
30,0.14037933333333
31,0.12603666666667
32,0.14274933333333
33,0.12708333333333
34,0.12733833333334
35,0.14393939393939
36,0.12727272727273
37,0.12878787878788
38,0.14393939393939
39,0.12727272727273
40,0.12878787878788
41,0.14393939393939
42,0.12727272727273
43,0.14393939393939
44,0.12727272727273
45,0.12727272727273
46,0.14612536363636
47,0.13197466666667
48,0.12813566666667
49,0.13077166666667
50,0.12916666666667
51,0.14583333333333
52,0.12916666666667
53,0.12916666666667
54,0.12916666666667
55,0.134974
56,0.13763066666667
57,0.13405966666667
58,0.13610366666667
59,0.13333333333333
60,0.13333333333333
61,0.13333333333333
62,0.13365566666667
63,0.13472222222222
64,0.12313844444444
65,0.13518518518519
66,0.13518518518519
67,0.13518518518519
68,0.13518518518519
69,0.13518518518519
70,0.13518518518519
71,0.135
72,0.13373355555556
73,0.128389
74,0.12491266666667
75,0.14437233333333
76,0.12578566666667
77,0.13333333333333
78,0.13194444444444
79,0.13194444444444
80,0.13070544444444
81,0.14578233333333
82,0.12624366666667
83,0.14308833333333
84,0.12777777777778
85,0.12686055555556
86,0.14444444444444
87,0.12936188888889
88,0.12873566666667
89,0.13188066666667
90,0.13656366666667
91,0.13308066666667
92,0.13606566666667
93,0.13125
94,0.13148148148148
95,0.13166666666667
96,0.14432918518519
97,0.13166666666667
98,0.13148148148148
99,0.13148148148148
100,0.13148148148148
101,0.13148148148148
102,0.12954107407407
103,0.13664833333333
104,0.13737633333333
105,0.125
106,0.140329
107,0.125
108,0.138842
109,0.13818033333333
110,0.12333333333333
111,0.14
112,0.138703
113,0.12083566666667
114,0.13958333333333
115,0.13931433333333
116,0.12074966666667
117,0.13752133333333
118,0.13799233333333
119,0.13833333333333
120,0.12166666666667
121,0.13833333333333
122,0.13760733333333
123,0.13420433333333
124,0.12121212121212
125,0.13787878787879
126,0.13732242424242
127,0.13588533333333
128,0.12101366666667
129,0.13787878787879
130,0.1375
131,0.1375
132,0.12349421212121
133,0.13787878787879
134,0.13787878787879
135,0.12121212121212
136,0.13599263636364
137,0.13318433333333
138,0.146167
139,0.13333333333333
140,0.13333333333333
141,0.12927933333333
142,0.12803833333333
143,0.13159133333333
144,0.13039433333333
145,0.13206933333333
146,0.143965
147,0.12811633333333
148,0.13125
149,0.13125
150,0.14666666666667
151,0.13
152,0.13
153,0.13
154,0.13272466666667
155,0.13465533333333
156,0.13095238095238
157,0.14702695238095
158,0.13055555555556
159,0.13055555555556
160,0.13055555555556
161,0.13055555555556
162,0.13095238095238
163,0.1468253968254
164,0.13055555555556
165,0.13044644444445
166,0.13055555555556
167,0.12570411111111
168,0.137735
169,0.140714
170,0.134675
171,0.12083333333333
172,0.137515
173,0.137046
174,0.137308
175,0.12083333333333
176,0.1375
177,0.132915
178,0.1375
179,0.136898
180,0.133129
181,0.12147
182,0.13666666666667
183,0.13666666666667
184,0.13666666666667
185,0.13409133333333
186,0.135755
187,0.12015366666667
188,0.13611111111111
189,0.13611111111111
190,0.13462844444445
191,0.13611111111111
192,0.13611111111111
193,0.13495077777778
194,0.128314
195,0.131191
196,0.129187
197,0.14210866666667
198,0.131877
199,0.13194444444444
200,0.13194444444444
201,0.13194444444444
202,0.13194444444444
203,0.13152022222222
204,0.14346066666667
205,0.127286
206,0.14200766666667
207,0.125045
208,0.13826166666667
209,0.13489866666667
210,0.125
211,0.14166666666667
212,0.13157066666667
213,0.12816366666667
214,0.13317866666667
215,0.13141366666667
216,0.13171266666667
217,0.13142866666667
218,0.14510133333333
219,0.12989766666667
220,0.13333333333333
221,0.13333333333333
222,0.13070133333333
223,0.12906466666667
224,0.14426333333333
225,0.13043466666667
226,0.13055555555556
227,0.13055555555556
228,0.13095238095238
229,0.13386350793651
230,0.13095238095238
231,0.14839061904762
232,0.122767
233,0.12884533333333
234,0.13477766666667
235,0.13111666666666
236,0.13895833333334
237,0.14
238,0.12380952380952
239,0.14166666666667
240,0.13253947619048
241,0.126987
242,0.130476
243,0.134098
244,0.14666666666667
245,0.13
246,0.130063
247,0.130953
248,0.14378233333333
249,0.12916666666667
250,0.12100833333334
251,0.139018
252,0.13099266666667
253,0.13333333333333
254,0.13728066666667
255,0.133468
256,0.13880666666667
257,0.128692
258,0.126451
259,0.14166666666667
260,0.125
261,0.14023633333333
262,0.13840866666667
263,0.13542033333333
264,0.134384
265,0.13333333333333
266,0.12016366666667
267,0.13284
268,0.13116966666667
269,0.13333333333333
270,0.14583333333333
271,0.12916666666667
272,0.12916666666667
273,0.14444444444444
274,0.12364422222222
275,0.12975133333333
276,0.13206333333333
277,0.147707
278,0.13072233333333
279,0.13198333333333
280,0.13175533333333
281,0.13333333333333
282,0.133762
283,0.13145766666667
284,0.134127
285,0.13475833333333
286,0.138817
287,0.12799233333334
288,0.13188966666667
289,0.13958066666667
290,0.125
291,0.14021366666667
292,0.11933166666667
293,0.14104033333333
294,0.13333333333333
295,0.13333333333333
296,0.12923233333333
297,0.13494533333333
298,0.13424733333333
299,0.13211133333333
300,0.13666666666667
301,0.13611111111111
302,0.13571428571429
303,0.1192566031746
304,0.145211
305,0.13333333333333
306,0.13259833333333
307,0.13244633333333
308,0.13333333333333
309,0.13333333333333
310,0.13333333333333
311,0.13333333333333
312,0.13333333333333
313,0.13333333333333
314,0.127325
315,0.14009033333333
316,0.13507966666667
317,0.13724933333333
318,0.13333333333333
319,0.12118433333334
320,0.141816
321,0.13103033333333
322,0.13333333333333
323,0.13333333333333
324,0.13815966666667
325,0.12556766666667
326,0.13541666666667
327,0.13541666666667
328,0.13518518518519
329,0.13487614814815
330,0.13468066666666
331,0.13303933333334
332,0.12427333333333
333,0.13333333333333
334,0.13154533333333
335,0.13322133333333
336,0.142908
337,0.13359
338,0.12121733333333
339,0.138334
340,0.13888888888889
341,0.12222222222222
342,0.14
343,0.12409355555555
344,0.14460533333334
345,0.12791233333333
346,0.141691
347,0.12660233333333
348,0.141754
349,0.12941133333333
350,0.12506766666667
351,0.13333333333333
352,0.13333333333333
353,0.129728
354,0.140737
355,0.138102
356,0.125
357,0.14293966666667
358,0.12856333333333
359,0.12666666666667
360,0.14698266666667
361,0.12991133333333
362,0.13404633333333
363,0.12777777777778
364,0.12916666666667
365,0.14583333333333
366,0.12440888888889
367,0.13625
368,0.12467833333333
369,0.140573
370,0.12561333333333
371,0.139966
372,0.13779
373,0.125
374,0.13915633333333
375,0.132328
376,0.137868
377,0.135516
378,0.134322
379,0.132245
380,0.11904761904762
381,0.13571428571429
382,0.13184842857143
383,0.14693566666667
384,0.13333333333333
385,0.12080733333333
386,0.136101
387,0.13484848484848
388,0.13484848484848
389,0.14045403030303
390,0.12176633333333
391,0.144962
392,0.13078233333333
393,0.13179933333333
394,0.13122633333333
395,0.13143133333333
396,0.13144733333333
397,0.13477833333333
398,0.13875133333333
399,0.13148148148148
400,0.13942151851851
401,0.13125
402,0.13125
403,0.13262566666667
404,0.129334
405,0.127765
406,0.131874
407,0.133665
408,0.134478
409,0.134711
410,0.14623966666667
411,0.132078
412,0.13333333333333
413,0.12793066666667
414,0.125117
415,0.14383466666667
416,0.124834
417,0.14444444444444
418,0.12777777777778
419,0.12894377777778
420,0.139023
421,0.12471533333333
422,0.137158
423,0.138065
424,0.136972
425,0.13333333333333
426,0.13333333333333
427,0.13333333333333
428,0.13333333333333
429,0.13472222222222
430,0.13333333333333
431,0.13333333333333
432,0.12944444444444
433,0.128306
434,0.129309
435,0.14695566666667
436,0.12432
437,0.131289
438,0.13333333333333
439,0.13333333333333
440,0.13349266666667
441,0.135672
442,0.13333333333333
443,0.13333333333333
444,0.13194444444444
445,0.13194444444444
446,0.13194444444444
447,0.13194444444444
448,0.14795855555555
449,0.13194444444444
450,0.13194444444444
451,0.12408844444445
452,0.13972566666667
453,0.124896
454,0.13961366666667
455,0.12777777777778
456,0.13176155555556
457,0.14444444444444
458,0.12799822222222
459,0.12641833333333
460,0.146573
461,0.12564833333333
462,0.141526
463,0.12541533333333
464,0.13108133333333
465,0.14166666666667
466,0.12592592592593
467,0.14166666666667
468,0.13202740740741
469,0.13557333333333
470,0.12873133333333
471,0.13
472,0.14355166666666
473,0.12916666666667
474,0.12502133333334
475,0.134487
476,0.133901
477,0.130728
478,0.132932
479,0.132968
480,0.13571428571429
481,0.13541666666667
482,0.13518518518519
483,0.135
484,0.12281319576719
485,0.135
486,0.13518518518519
487,0.13518518518519
488,0.13518518518519
489,0.12929411111112
490,0.14278233333333
491,0.13435133333333
492,0.13554933333333
493,0.11976466666667
494,0.13356433333333
495,0.13333333333333
496,0.13333333333333
497,0.13333333333333
498,0.13333333333333
499,0.13333333333333
500,0.13333333333333
501,0.14588566666667
502,0.12380133333333
503,0.136444
504,0.138228
505,0.12213833333333
506,0.14166666666667
507,0.127412
508,0.14058333333333
509,0.13303333333333
510,0.13403633333333
511,0.13495533333333
512,0.13442233333333
513,0.13357833333333
514,0.12447966666667
515,0.13333333333333
516,0.14012333333333
517,0.13657133333333
518,0.12
519,0.138291
520,0.13717033333333
521,0.12439166666667
522,0.14335533333333
523,0.12704866666667
524,0.14056733333333
525,0.12333333333333
526,0.14
527,0.13705566666667
528,0.12922633333333
529,0.12346033333333
530,0.141262
531,0.12963333333333
532,0.143911
533,0.12687433333333
534,0.139597
535,0.12463733333333
536,0.14259259259259
537,0.12592592592593
538,0.12619047619048
539,0.14439133862434
540,0.13634333333333
541,0.12969166666667
542,0.13333333333333
543,0.12516733333333
544,0.13473533333333
545,0.14089933333333
546,0.13736533333333
547,0.12001066666667
548,0.13888888888889
549,0.13080377777778
550,0.13734733333333
551,0.12653633333333
552,0.146155
553,0.12707233333333
554,0.13333333333333
555,0.13333333333333
556,0.12771533333333
557,0.13037633333333
558,0.141169
559,0.136656
560,0.12396533333333
561,0.13974
562,0.125
563,0.14166666666667
564,0.125
565,0.14166666666667
566,0.125
567,0.14166666666667
568,0.125
569,0.14166666666667
570,0.14055833333333
571,0.12424242424242
572,0.13846524242425
573,0.12404833333333
574,0.14090909090909
575,0.12424242424242
576,0.14090909090909
577,0.12424242424242
578,0.14090909090909
579,0.12536521212121
580,0.14034266666667
581,0.139633
582,0.12424242424242
583,0.14166666666667
584,0.12424242424242
585,0.13647315151515
586,0.136964
587,0.13888888888889
588,0.12222222222222
589,0.13888888888889
590,0.131799
591,0.13734833333333
592,0.13299033333333
593,0.13
594,0.14096466666666
595,0.12388366666667
596,0.129123
597,0.14588666666667
598,0.127234
599,0.13333333333333
600,0.138016
601,0.13221033333333
602,0.13660433333333
603,0.12511066666667
604,0.13980933333333
605,0.12333333333333
606,0.13888888888889
607,0.13895544444444
608,0.12667033333333
609,0.140791
610,0.12420033333333
611,0.139298
612,0.12360633333333
613,0.131891
614,0.133047
615,0.14731466666667
616,0.130872
617,0.130554
618,0.131671
619,0.130774
620,0.130376
621,0.13333333333333
622,0.13333333333333
623,0.13333333333333
624,0.13579733333333
625,0.044551
626,0.04953033333333
627,0.03452466666667
628,0.04880866666666
629,0.04307766666667
630,0.013168
631,0.00079999997979
632,0.00061366668688
633,0.00900733333333
634,0.00666666666667
635,0.00555555555556
636,0.00555555555556
637,0.02102455555556
638,0.00833333333333
639,0.00833333333333
640,0.00833333333333
641,0.00833333333333
642,0.00833333333333
643,0.00833333333333
644,0.00833333333333
645,0.00833333333333
646,0.00833333333333
647,0.00909090909091
648,0.01044009090908
649,0.00909090909091
650,0.00909090909091
651,0.00909090909091
652,0.00909090909091
653,0.00909090909091
654,0.00909090909091
655,0.00856987878789
656,0.00833333333333
657,0.00833333333333
658,0.00833333333333
659,0.008395
660,0.00833333333333
661,0.00833333333333
662,0.00835233333333
663,0.00833333333333
664,0.00833333333333
665,0.00833333333333
666,0.008452
667,0.00833333333333
668,0.00833333333333
669,0.00882433333333
670,0.008538
671,0.00833333333333
672,0.00833333333333
673,0.00833333333333
674,0.00833333333333
675,0.00833333333333
676,0.00833333333333
677,0.00833333333333
678,0.00833333333333
679,0.00833333333333
680,0.00833333333333
681,0.00833333333333
682,0.00833333333333
683,0.00833333333333
684,0.00833333333333
685,0.00833333333333
686,0.00833333333333
687,0.00833333333333
688,0.00833333333333
689,0.00833333333333
690,0.00833333333333
691,0.00833333333333
692,0.00833333333333
693,0.00833333333333
694,0.00833333333333
695,0.00833333333333
696,0.00833333333333
697,0.00833333333333
698,0.00833333333333
699,0.00833333333333
700,0.00833333333333
701,0.00833333333333
702,0.00833333333333
703,0.00833333333333
704,0.00833333333333
705,0.00833333333333
706,0.00833333333333
707,0.00833333333333
708,0.00833333333333
709,0.00833333333333
710,0.00833333333333
711,0.00833333333333
712,0.00833333333333
713,0.00833333333333
714,0.00833333333333
715,0.00833333333333
716,0.00833333333333
717,0.00833333333333
718,0.00833333333333
719,0.00833333333333
720,0.00833333333333
721,0.00833333333333
722,0.00833333333333
723,0.00833333333333
724,0.00833333333333
725,0.00833333333333
726,0.00833333333333
727,0.00833333333333
728,0.00833333333333
729,0.00833333333333
730,0.00833333333333
731,0.00833333333333
732,0.00833333333333
733,0.00833333333333
734,0.00833333333333
735,0.00833333333333
736,0.00833333333333
737,0.00833333333333
738,0.00833333333333
739,0.00833333333333
740,0.00833333333333
741,0.00833333333333
742,0.00833333333333
743,0.00833333333333
744,0.00833333333333
745,0.00833333333333
746,0.00833333333333
747,0.00833333333333
748,0.00833333333333
749,0.00833333333333
750,0.00833333333333
751,0.00833333333333
752,0.00833333333333
753,0.00833333333333
754,0.00833333333333
755,0.00833333333333
756,0.00833333333333
757,0.00833333333333
758,0.00833333333333
759,0.00833333333333
760,0.00833333333333
761,0.00833333333333
762,0.00833333333333
763,0.00833333333333
764,0.00833333333333
765,0.00833333333333
766,0.00833333333333
767,0.00833333333333
768,0.00833333333333
769,0.00833333333333
770,0.00833333333333
771,0.00833333333333
772,0.00833333333333
773,0.00833333333333
774,0.00833333333333
775,0.00833333333333
776,0.00833333333333
777,0.00842066666667
778,0.00833333333333
779,0.00833333333333
780,0.00833333333333
781,0.00833333333333
782,0.00833333333333
783,0.00833333333333
784,0.00833333333333
785,0.00833333333333
786,0.00833333333333
787,0.00833333333333
788,0.00833333333333
789,0.00833333333333
790,0.00833333333333
791,0.00833333333333
792,0.00833333333333
793,0.00833333333333
794,0.00833333333333
795,0.00833333333333
796,0.00833333333333
797,0.00833333333333
798,0.00833333333333
799,0.00833333333333
800,0.00833333333333
801,0.00833333333333
802,0.00833333333333
803,0.00833333333333
804,0.00833333333333
805,0.00833333333333
806,0.00833333333333
807,0.00833333333333
808,0.00833333333333
809,0.00833333333333
810,0.00833333333333
811,0.00833333333333
812,0.00833333333333
813,0.00833333333333
814,0.00833333333333
815,0.00833333333333
816,0.00833333333333
817,0.00833333333333
818,0.00833333333333
819,0.00833333333333
820,0.00833333333333
821,0.00833333333333
822,0.00833333333333
823,0.00833333333333
824,0.00833333333333
825,0.00833333333333
826,0.00833333333333
827,0.00833333333333
828,0.00833333333333
829,0.00833333333333
830,0.00833333333333
831,0.00833333333333
832,0.00833333333333
833,0.00833333333333
834,0.00833333333333
835,0.00833333333333
836,0.00833333333333
837,0.00833333333333
838,0.00833333333333
839,0.00833333333333
840,0.00833333333333
841,0.00833333333333
842,0.00833333333333
843,0.00833333333333
844,0.00833333333333
845,0.00833333333333
846,0.00833333333333
847,0.00833333333333
848,0.00833333333333
849,0.00833333333333
850,0.00833333333333
851,0.00833333333333
852,0.00833333333333
853,0.00833333333333
854,0.00833333333333
855,0.00833333333333
856,0.00833333333333
857,0.00833333333333
858,0.00833333333333
859,0.00833333333333
860,0.00833333333333
861,0.00833333333333
862,0.00833333333333
863,0.00833333333333
864,0.00833333333333
865,0.00833333333333
866,0.00833333333333
867,0.00833333333333
868,0.00833333333333
869,0.00833333333333
870,0.00833333333333
871,0.00833333333333
872,0.00833333333333
873,0.00833333333333
874,0.00833333333333
875,0.00833333333333
876,0.00833333333333
877,0.00833333333333
878,0.00833333333333
879,0.00833333333333
880,0.00833333333333
881,0.00833333333333
882,0.00833333333333
883,0.00833333333333
884,0.00833333333333
885,0.00833333333333
886,0.00833333333333
887,0.00833333333333
888,0.00833333333333
889,0.00833333333333
890,0.00833333333333
891,0.00833333333333
892,0.00833333333333
893,0.00833333333333
894,0.00833333333333
895,0.00833333333333
896,0.00833333333333
897,0.00833333333333
898,0.00833333333333
899,0.00833333333333
900,0.00833333333333
901,0.00833333333333
902,0.00833333333333
903,0.00833333333333
904,0.00833333333333
905,0.00833333333333
906,0.00833333333333
907,0.00833333333333
908,0.00833333333333
909,0.00833333333333
910,0.00833333333333
911,0.00833333333333
912,0.00833333333333
913,0.00833333333333
914,0.00833333333333
915,0.00833333333333
916,0.00833333333333
917,0.00833333333333
918,0.00833333333333
919,0.00833333333333
920,0.00833333333333
921,0.00833333333333
922,0.00833333333333
923,0.00833333333333
924,0.00833333333333
925,0.00833333333333
926,0.00833333333333
927,0.00833333333333
928,0.00833333333333
929,0.00833333333333
930,0.00833333333333
931,0.00833333333333
932,0.00833333333333
933,0.00833333333333
934,0.00833333333333
935,0.00833333333333
936,0.00833333333333
937,0.00833333333333
938,0.00833333333333
939,0.00833333333333
940,0.00833333333333
941,0.00833333333333
942,0.00833333333333
943,0.00833333333333
944,0.00833333333333
945,0.00833333333333
946,0.00833333333333
947,0.00833333333333
948,0.00833333333333
949,0.00833333333333
950,0.00833333333333
951,0.00833333333333
952,0.00833333333333
953,0.00833333333333
954,0.00833333333333
955,0.00833333333333
956,0.00833333333333
957,0.00833333333333
958,0.00833333333333
959,0.00833333333333
960,0.00833333333333
961,0.00833333333333
962,0.00833333333333
963,0.00833333333333
964,0.00833333333333
965,0.00833333333333
966,0.00833333333333
967,0.00833333333333
968,0.00833333333333
969,0.00833333333333
970,0.00833333333333
971,0.00833333333333
972,0.00833333333333
973,0.00833333333333
974,0.00833333333333
975,0.00833333333333
976,0.00833333333333
977,0.00833333333333
978,0.00833333333333
979,0.00833333333333
980,0.00833333333333
981,0.00833333333333
982,0.00833333333333
983,0.00833333333333
984,0.00833333333333
985,0.00833333333333
986,0.00833333333333
987,0.00833333333333
988,0.00833333333333
989,0.00833333333333
990,0.00833333333333
991,0.00833333333333
992,0.00833333333333
993,0.00833333333333
994,0.00833333333333
995,0.00833333333333
996,0.00833333333333
997,0.00833333333333
998,0.00833333333333
999,0.00833333333333
1000,0.00833333333333
1001,0.00833333333333
1002,0.00833333333333
1003,0.00833333333333
1004,0.00833333333333
1005,0.00833333333333
1006,0.00833333333333
1007,0.00833333333333
1008,0.00833333333333
1009,0.00833333333333
1010,0.00833333333333
1011,0.00833333333333
1012,0.00833333333333
1013,0.00833333333333
1014,0.00833333333333
1015,0.00833333333333
1016,0.00833333333333
1017,0.00833333333333
1018,0.00833333333333
1019,0.00833333333333
1020,0.00833333333333
1021,0.00833333333333
1022,0.00833333333333
1023,0.00833333333333
1024,0.00833333333333
1025,0.00833333333333
1026,0.00833333333333
1027,0.00833333333333
1028,0.00833333333333
1029,0.00833333333333
1030,0.00833333333333
1031,0.00833333333333
1032,0.00833333333333
1033,0.00833333333333
1034,0.00833333333333
1035,0.00833333333333
1036,0.00833333333333
1037,0.00833333333333
1038,0.00833333333333
1039,0.00833333333333
1040,0.00833333333333
1041,0.00833333333333
1042,0.00833333333333
1043,0.00833333333333
1044,0.00833333333333
1045,0.00833333333333
1046,0.00833333333333
1047,0.00833333333333
1048,0.00833333333333
1049,0.00833333333333
1050,0.00833333333333
1051,0.00833333333333
1052,0.00833333333333
1053,0.00833333333333
1054,0.00833333333333
1055,0.00833333333333
1056,0.00833333333333
1057,0.00833333333333
1058,0.00833333333333
1059,0.00833333333333
1060,0.00833333333333
1061,0.00833333333333
1062,0.00833333333333
1063,0.00833333333333
1064,0.00833333333333
1065,0.00833333333333
1066,0.00833333333333
1067,0.00833333333333
1068,0.00833333333333
1069,0.00833333333333
1070,0.00833333333333
1071,0.00833333333333
1072,0.00833333333333
1073,0.00833333333333
1074,0.00833333333333
1075,0.00833333333333
1076,0.00833333333333
1077,0.00833333333333
1078,0.00833333333333
1079,0.00833333333333
1080,0.00833333333333
1081,0.00833333333333
1082,0.00833333333333
1083,0.00833333333333
1084,0.00833333333333
1085,0.00833333333333
1086,0.00833333333333
1087,0.00833333333333
1088,0.00833333333333
1089,0.00833333333333
1090,0.00833333333333
1091,0.00833333333333
1092,0.00833333333333
1093,0.00833333333333
1094,0.00833333333333
1095,0.00833333333333
1096,0.00833333333333
1097,0.00833333333333
1098,0.00833333333333
1099,0.00833333333333
1100,0.00833333333333
1101,0.00833333333333
1102,0.00833333333333
1103,0.00833333333333
1104,0.00833333333333
1105,0.00833333333333
1106,0.00833333333333
1107,0.00833333333333
1108,0.00833333333333
1109,0.00833333333333
1110,0.00833333333333
1111,0.00833333333333
1112,0.00833333333333
1113,0.00833333333333
1114,0.00833333333333
1115,0.00833333333333
1116,0.00833333333333
1117,0.00833333333333
1118,0.00833333333333
1119,0.00833333333333
1120,0.00833333333333
1121,0.00833333333333
1122,0.00833333333333
1123,0.00833333333333
1124,0.00833333333333
1125,0.00833333333333
1126,0.00833333333333
1127,0.00833333333333
1128,0.00833333333333
1129,0.00833333333333
1130,0.00833333333333
1131,0.00833333333333
1132,0.00833333333333
1133,0.00833333333333
1134,0.00833333333333
1135,0.00833333333333
1136,0.00833333333333
1137,0.00833333333333
1138,0.00833333333333
1139,0.00833333333333
1140,0.00833333333333
1141,0.00833333333333
1142,0.00833333333333
1143,0.00833333333333
1144,0.00833333333333
1145,0.00833333333333
1146,0.00833333333333
1147,0.00833333333333
1148,0.00833333333333
1149,0.00833333333333
1150,0.00833333333333
1151,0.00833333333333
1152,0.00833333333333
1153,0.00833333333333
1154,0.00833333333333
1155,0.00833333333333
1156,0.00833333333333
1157,0.00833333333333
1158,0.00833333333333
1159,0.00833333333333
1160,0.00833333333333
1161,0.00833333333333
1162,0.00833333333333
1163,0.00833333333333
1164,0.00833333333333
1165,0.00833333333333
1166,0.00833333333333
1167,0.00833333333333
1168,0.00833333333333
1169,0.00833333333333
1170,0.00833333333333
1171,0.00833333333333
1172,0.00833333333333
1173,0.00833333333333
1174,0.00833333333333
1175,0.00833333333333
1176,0.00833333333333
1177,0.00833333333333
1178,0.00833333333333
1179,0.00833333333333
1180,0.00833333333333
1181,0.00833333333333
1182,0.00833333333333
1183,0.00833333333333
1184,0.00833333333333
1185,0.00833333333333
1186,0.00833333333333
1187,0.00833333333333
1188,0.00833333333333
1189,0.00833333333333
1190,0.00833333333333
1191,0.00833333333333
1192,0.00833333333333
1193,0.00833333333333
1194,0.00833333333333
1195,0.00833333333333
1196,0.00833333333333
1197,0.00833333333333
1198,0.00833333333333
1199,0.00833333333333
1200,0.00833333333333
1201,0.00833333333333
1202,0.00833333333333
1203,0.00833333333333
1204,0.00833333333333
1205,0.00833333333333
1206,0.00833333333333
1207,0.00833333333333
1208,0.00833333333333
1209,0.00833333333333
1210,0.00833333333333
1211,0.00833333333333
1212,0.00833333333333
1213,0.00833333333333
1214,0.00833333333333
1215,0.00833333333333
1216,0.00833333333333
1217,0.00833333333333
1218,0.00833333333333
1219,0.00833333333333
1220,0.00833333333333
1221,0.00833333333333
1222,0.00833333333333
1223,0.00833333333333
1224,0.00833333333333
1225,0.00833333333333
1226,0.00833333333333
1227,0.00833333333333
1228,0.00833333333333
1229,0.00833333333333
1230,0.00833333333333
1231,0.00833333333333
1232,0.00833333333333
1233,0.00833333333333
1234,0.00833333333333
1235,0.00833333333333
1236,0.00833333333333
1237,0.00833333333333
1238,0.00833333333333
1239,0.00833333333333
1240,0.00833333333333
1241,0.00833333333333
1242,0.00833333333333
1243,0.00833333333333
1244,0.00833333333333
1245,0.00833333333333
1246,0.00833333333333
1247,0.00833333333333
1248,0.00833333333333
1249,0.00833333333333
1250,0.00833333333333
1251,0.00833333333333
1252,0.00833333333333
1253,0.00833333333333
1254,0.00833333333333
1255,0.00833333333333
1256,0.00833333333333
1257,0.00833333333333
1258,0.00833333333333
1259,0.00833333333333
1260,0.00833333333333
1261,0.00833333333333
1262,0.00833333333333
1263,0.00833333333333
1264,0.00833333333333
1265,0.00833333333333
1266,0.00833333333333
1267,0.00833333333333
1268,0.00833333333333
1269,0.00833333333333
1270,0.00833333333333
1271,0.00833333333333
1272,0.00833333333333
1273,0.00833333333333
1274,0.00833333333333
1275,0.00833333333333
1276,0.00833333333333
1277,0.00833333333333
1278,0.00833333333333
1279,0.00833333333333
1280,0.00833333333333
1281,0.00833333333333
1282,0.00833333333333
1283,0.00833333333333
1284,0.00833333333333
1285,0.00833333333333
1286,0.00833333333333
1287,0.00833333333333
1288,0.00833333333333
1289,0.00833333333333
1290,0.00833333333333
1291,0.00833333333333
1292,0.00833333333333
1293,0.00833333333333
1294,0.00833333333333
1295,0.00833333333333
1296,0.00833333333333
1297,0.00833333333333
1298,0.00833333333333
1299,0.00833333333333
1300,0.00833333333333
1301,0.00833333333333
1302,0.00833333333333
1303,0.00833333333333
1304,0.00833333333333
1305,0.00833333333333
1306,0.00833333333333
1307,0.00833333333333
1308,0.00833333333333
1309,0.00833333333333
1310,0.00833333333333
1311,0.00833333333333
1312,0.00833333333333
1313,0.00833333333333
1314,0.00833333333333
1315,0.00833333333333
1316,0.00833333333333
1317,0.00833333333333
1318,0.00833333333333
1319,0.00833333333333
1320,0.00833333333333
1321,0.00833333333333
1322,0.00833333333333
1323,0.00833333333333
1324,0.00833333333333
1325,0.00833333333333
1326,0.00833333333333
1327,0.00833333333333
1328,0.00833333333333
1329,0.00833333333333
1330,0.00833333333333
1331,0.00833333333333
1332,0.00833333333333
1333,0.00833333333333
1334,0.00833333333333
1335,0.00833333333333
1336,0.00833333333333
1337,0.00833333333333
1338,0.00833333333333
1339,0.00833333333333
1340,0.00833333333333
1341,0.00833333333333
1342,0.00833333333333
1343,0.00833333333333
1344,0.00833333333333
1345,0.00833333333333
1346,0.00833333333333
1347,0.00833333333333
1348,0.00833333333333
1349,0.00833333333333
1350,0.00833333333333
1351,0.00833333333333
1352,0.00833333333333
1353,0.00833333333333
1354,0.00833333333333
1355,0.00833333333333
1356,0.00833333333333
1357,0.00833333333333
1358,0.00833333333333
1359,0.00833333333333
1360,0.00833333333333
1361,0.00833333333333
1362,0.00833333333333
1363,0.00833333333333
1364,0.00833333333333
1365,0.00833333333333
1366,0.00833333333333
1367,0.00833333333333
1368,0.00833333333333
1369,0.00833333333333
1370,0.00833333333333
1371,0.00833333333333
1372,0.00833333333333
1373,0.00833333333333
1374,0.00833333333333
1375,0.00833333333333
1376,0.00833333333333
1377,0.00833333333333
1378,0.00833333333333
1379,0.00833333333333
1380,0.00833333333333
1381,0.00833333333333
1382,0.00833333333333
1383,0.00833333333333
1384,0.00833333333333
1385,0.00833333333333
1386,0.00833333333333
1387,0.00833333333333
1388,0.00833333333333
1389,0.00833333333333
1390,0.00833333333333
1391,0.00833333333333
1392,0.00833333333333
1393,0.00833333333333
1394,0.00833333333333
1395,0.00833333333333
1396,0.00833333333333
1397,0.00833333333333
1398,0.00833333333333
1399,0.00833333333333
1400,0.00833333333333
1401,0.00833333333333
1402,0.00833333333333
1403,0.00833333333333
1404,0.00833333333333
1405,0.00833333333333
1406,0.00833333333333
1407,0.00833333333333
1408,0.00833333333333
1409,0.00833333333333
1410,0.00833333333333
1411,0.00833333333333
1412,0.00833333333333
1413,0.00833333333333
1414,0.00833333333333
1415,0.00833333333333
1416,0.00833333333333
1417,0.00833333333333
1418,0.00833333333333
1419,0.00833333333333
1420,0.00833333333333
1421,0.00833333333333
1422,0.00833333333333
1423,0.00833333333333
1424,0.00833333333333
1425,0.00833333333333
1426,0.00833333333333
1427,0.00833333333333
1428,0.00833333333333
1429,0.00833333333333
1430,0.00833333333333
1431,0.00833333333333
1432,0.00833333333333
1433,0.00833333333333
1434,0.00833333333333
1435,0.00833333333333
1436,0.00833333333333
1437,0.00833333333333
1438,0.00833333333333
1439,0.00833333333333
1440,0.00833333333333
1441,0.00833333333333
1442,0.00833333333333
1443,0.00833333333333
1444,0.00833333333333
1445,0.00833333333333
1446,0.00833333333333
1447,0.00833333333333
1448,0.00833333333333
1449,0.00833333333333
1450,0.00833333333333
1451,0.00833333333333
1452,0.00833333333333
1453,0.00833333333333
1454,0.00833333333333
1455,0.00833333333333
1456,0.00833333333333
1457,0.00833333333333
1458,0.00833333333333
1459,0.00833333333333
1460,0.00833333333333
1461,0.00833333333333
1462,0.00833333333333
1463,0.00833333333333
1464,0.00833333333333
1465,0.00833333333333
1466,0.00833333333333
1467,0.00833333333333
1468,0.00833333333333
1469,0.00833333333333
1470,0.00833333333333
1471,0.00833333333333
1472,0.00833333333333
1473,0.00833333333333
1474,0.00833333333333
1475,0.00833333333333
1476,0.00833333333333
1477,0.01090233333333
1478,0.00833333333333
1479,0.00833333333333
1480,0.00833333333333
1481,0.00833333333333
1482,0.00833333333333
1483,0.00833333333333
1484,0.00833333333333
1485,0.00833333333333
1486,0.00833333333333
1487,0.00833333333333
1488,0.00833333333333
1489,0.00833333333333
1490,0.00833333333333
1491,0.00833333333333
1492,0.00833333333333
1493,0.00833333333333
1494,0.00833333333333
1495,0.00833333333333
1496,0.00833333333333
1497,0.00833333333333
1498,0.00833333333333
1499,0.00833333333333
1500,0.00833333333333
1501,0.00833333333333
1502,0.00833333333333
1503,0.00833333333333
1504,0.00833333333333
1505,0.00833333333333
1506,0.00833333333333
1507,0.00833333333333
1508,0.00833333333333
1509,0.00833333333333
1510,0.00833333333333
1511,0.00833333333333
1512,0.00833333333333
1513,0.00833333333333
1514,0.00833333333333
1515,0.00833333333333
1516,0.00833333333333
1517,0.00833333333333
1518,0.00833333333333
1519,0.00833333333333
1520,0.00833333333333
1521,0.00833333333333
1522,0.00833333333333
1523,0.00833333333333
1524,0.00833333333333
1525,0.00833333333333
1526,0.00833333333333
1527,0.00833333333333
1528,0.00833333333333
1529,0.00833333333333
1530,0.00833333333333
1531,0.00833333333333
1532,0.00833333333333
1533,0.00833333333333
1534,0.00833333333333
1535,0.00833333333333
1536,0.00833333333333
1537,0.00833333333333
1538,0.00833333333333
1539,0.00833333333333
1540,0.00833333333333
1541,0.00833333333333
1542,0.00833333333333
1543,0.00833333333333
1544,0.00833333333333
1545,0.00833333333333
1546,0.00833333333333
1547,0.00833333333333
1548,0.00833333333333
1549,0.00833333333333
1550,0.00833333333333
1551,0.00833333333333
1552,0.00833333333333
1553,0.00833333333333
1554,0.00833333333333
1555,0.00833333333333
1556,0.00833333333333
1557,0.00833333333333
1558,0.00833333333333
1559,0.00833333333333
1560,0.00833333333333
1561,0.00833333333333
1562,0.00833333333333
1563,0.00833333333333
1564,0.00833333333333
1565,0.00833333333333
1566,0.00833333333333
1567,0.00833333333333
1568,0.00833333333333
1569,0.00833333333333
1570,0.00833333333333
1571,0.00833333333333
1572,0.00833333333333
1573,0.00833333333333
1574,0.00833333333333
1575,0.00833333333333
1576,0.00833333333333
1577,0.00833333333333
1578,0.00833333333333
1579,0.00833333333333
1580,0.00833333333333
1581,0.00833333333333
1582,0.00833333333333
1583,0.00833333333333
1584,0.00833333333333
1585,0.00833333333333
1586,0.00833333333333
1587,0.00833333333333
1588,0.00833333333333
1589,0.00833333333333
1590,0.00833333333333
1591,0.00833333333333
1592,0.00833333333333
1593,0.00833333333333
1594,0.00833333333333
1595,0.00833333333333
1596,0.00833333333333
1597,0.00833333333333
1598,0.00833333333333
1599,0.00833333333333
1600,0.00833333333333
1601,0.00833333333333
1602,0.00833333333333
1603,0.00833333333333
1604,0.00833333333333
1605,0.00833333333333
1606,0.00833333333333
1607,0.00833333333333
1608,0.00833333333333
1609,0.00833333333333
1610,0.00833333333333
1611,0.00833333333333
1612,0.00833333333333
1613,0.00833333333333
1614,0.00833333333333
1615,0.00833333333333
1616,0.00833333333333
1617,0.00833333333333
1618,0.00833333333333
1619,0.00833333333333
1620,0.00833333333333
1621,0.00833333333333
1622,0.00833333333333
1623,0.00833333333333
1624,0.00833333333333
1625,0.00833333333333
1626,0.00833333333333
1627,0.00833333333333
1628,0.00833333333333
1629,0.00833333333333
1630,0.00833333333333
1631,0.00833333333333
1632,0.00833333333333
1633,0.00833333333333
1634,0.00833333333333
1635,0.00833333333333
1636,0.00833333333333
1637,0.00833333333333
1638,0.00833333333333
1639,0.00833333333333
1640,0.00833333333333
1641,0.00833333333333
1642,0.00833333333333
1643,0.00833333333333
1644,0.00833333333333
1645,0.00833333333333
1646,0.00833333333333
1647,0.00833333333333
1648,0.00833333333333
1649,0.00833333333333
1650,0.00833333333333
1651,0.00833333333333
1652,0.00833333333333
1653,0.00833333333333
1654,0.00833333333333
1655,0.00833333333333
1656,0.00833333333333
1657,0.00833333333333
1658,0.00833333333333
1659,0.00833333333333
1660,0.00833333333333
1661,0.00833333333333
1662,0.00833333333333
1663,0.00833333333333
1664,0.00833333333333
1665,0.00833333333333
1666,0.00833333333333
1667,0.00833333333333
1668,0.00833333333333
1669,0.00833333333333
1670,0.00833333333333
1671,0.00833333333333
1672,0.00833333333333
1673,0.00833333333333
1674,0.00833333333333
1675,0.00833333333333
1676,0.00833333333333
1677,0.00833333333333
1678,0.00833333333333
1679,0.00833333333333
1680,0.00833333333333
1681,0.00833333333333
1682,0.00833333333333
1683,0.00833333333333
1684,0.00833333333333
1685,0.00833333333333
1686,0.00833333333333
1687,0.00833333333333
1688,0.00833333333333
1689,0.00833333333333
1690,0.00833333333333
1691,0.00833333333333
1692,0.00833333333333
1693,0.00833333333333
1694,0.00833333333333
1695,0.00833333333333
1696,0.00833333333333
1697,0.00833333333333
1698,0.00833333333333
1699,0.00833333333333
1700,0.00833333333333
1701,0.00833333333333
1702,0.00833333333333
1703,0.00833333333333
1704,0.00833333333333
1705,0.00833333333333
1706,0.00833333333333
1707,0.00833333333333
1708,0.00833333333333
1709,0.00833333333333
1710,0.00833333333333
1711,0.00833333333333
1712,0.00833333333333
1713,0.00833333333333
1714,0.00833333333333
1715,0.00833333333333
1716,0.00833333333333
1717,0.00833333333333
1718,0.00833333333333
1719,0.00833333333333
1720,0.00833333333333
1721,0.00833333333333
1722,0.00833333333333
1723,0.00833333333333
1724,0.00833333333333
1725,0.00833333333333
1726,0.00833333333333
1727,0.00833333333333
1728,0.00833333333333
1729,0.00833333333333
1730,0.00833333333333
1731,0.00833333333333
1732,0.00833333333333
1733,0.00833333333333
1734,0.00833333333333
1735,0.00833333333333
1736,0.00833333333333
1737,0.00833333333333
1738,0.00833333333333
1739,0.00833333333333
1740,0.00833333333333
1741,0.00833333333333
1742,0.00833333333333
1743,0.00833333333333
1744,0.00833333333333
1745,0.00833333333333
1746,0.00833333333333
1747,0.00833333333333
1748,0.00833333333333
1749,0.00833333333333
1750,0.00833333333333
1751,0.00833333333333
1752,0.00833333333333
1753,0.00833333333333
1754,0.00833333333333
1755,0.00833333333333
1756,0.00833333333333
1757,0.00833333333333
1758,0.00833333333333
1759,0.00833333333333
1760,0.00833333333333
1761,0.00833333333333
1762,0.00833333333333
1763,0.00833333333333
1764,0.00833333333333
1765,0.00833333333333
1766,0.00833333333333
1767,0.00833333333333
1768,0.00833333333333
1769,0.00833333333333
1770,0.00833333333333
1771,0.00833333333333
1772,0.00833333333333
1773,0.00833333333333
1774,0.00833333333333
1775,0.00833333333333
1776,0.00833333333333
1777,0.00833333333333
1778,0.00833333333333
1779,0.00833333333333
1780,0.00833333333333
1781,0.00833333333333
1782,0.00833333333333
1783,0.00833333333333
1784,0.00833333333333
1785,0.00833333333333
1786,0.00833333333333
1787,0.00833333333333
1788,0.00833333333333
1789,0.00833333333333
1790,0.00833333333333
1791,0.00833333333333
1792,0.00833333333333
1793,0.00833333333333
1794,0.00833333333333
1795,0.00833333333333
1796,0.00833333333333
1797,0.00833333333333
1798,0.00833333333333
1799,0.00833333333333
1800,0.00833333333333
1801,0.00833333333333
1802,0.00833333333333
1803,0.00833333333333
1804,0.00833333333333
1805,0.00833333333333
1806,0.00833333333333
1807,0.00833333333333
1808,0.00833333333333
1809,0.00833333333333
1810,0.00833333333333
1811,0.00833333333333
1812,0.00833333333333
1813,0.00833333333333
1814,0.00833333333333
1815,0.00833333333333
1816,0.00833333333333
1817,0.00833333333333
1818,0.00833333333333
1819,0.00833333333333
1820,0.00833333333333
1821,0.00833333333333
1822,0.00833333333333
1823,0.00833333333333
1824,0.00833333333333
1825,0.00833333333333
1826,0.00833333333333
1827,0.00833333333333
1828,0.00833333333333
1829,0.00833333333333
1830,0.00833333333333
1831,0.00833333333333
1832,0.00833333333333
1833,0.00833333333333
1834,0.00833333333333
1835,0.00833333333333
1836,0.00833333333333
1837,0.00833333333333
1838,0.00833333333333
1839,0.00833333333333
1840,0.00833333333333
1841,0.00833333333333
1842,0.00833333333333
1843,0.00833333333333
1844,0.00833333333333
1845,0.00833333333333
1846,0.00833333333333
1847,0.00833333333333
1848,0.00833333333333
1849,0.00833333333333
1850,0.00833333333333
1851,0.00833333333333
1852,0.00833333333333
1853,0.00833333333333
1854,0.00833333333333
1855,0.00833333333333
1856,0.00833333333333
1857,0.00833333333333
1858,0.00833333333333
1859,0.00833333333333
1860,0.00833333333333
1861,0.00833333333333
1862,0.00833333333333
1863,0.00833333333333
1864,0.00833333333333
1865,0.00833333333333
1866,0.00833333333333
1867,0.00833333333333
1868,0.00833333333333
1869,0.00833333333333
1870,0.00833333333333
1871,0.00833333333333
1872,0.00833333333333
1873,0.00833333333333
1874,0.00833333333333
1875,0.00833333333333
1876,0.00833333333333
1877,0.00833333333333
1878,0.00833333333333
1879,0.00833333333333
1880,0.00833333333333
1881,0.00833333333333
1882,0.00833333333333
1883,0.00833333333333
1884,0.00833333333333
1885,0.00833333333333
1886,0.00833333333333
1887,0.00833333333333
1888,0.00833333333333
1889,0.00833333333333
1890,0.00833333333333
1891,0.00833333333333
1892,0.00833333333333
1893,0.00833333333333
1894,0.00833333333333
1895,0.00833333333333
1896,0.00833333333333
1897,0.00833333333333
1898,0.00833333333333
1899,0.00833333333333
1900,0.00833333333333
1901,0.00833333333333
1902,0.00833333333333
1903,0.00833333333333
1904,0.00833333333333
1905,0.00833333333333
1906,0.00833333333333
1907,0.00833333333333
1908,0.00833333333333
1909,0.00833333333333
1910,0.00833333333333
1911,0.00833333333333
1912,0.00833333333333
1913,0.00833333333333
1914,0.00833333333333
1915,0.00833333333333
1916,0.00833333333333
1917,0.00833333333333
1918,0.00833333333333
1919,0.00833333333333
1920,0.00833333333333
1921,0.00833333333333
1922,0.00833333333333
1923,0.00833333333333
1924,0.00833333333333
1925,0.00833333333333
1926,0.00833333333333
1927,0.00833333333333
1928,0.00833333333333
1929,0.00833333333333
1930,0.00833333333333
1931,0.00833333333333
1932,0.00833333333333
1933,0.00833333333333
1934,0.00833333333333
1935,0.00833333333333
1936,0.00833333333333
1937,0.00833333333333
1938,0.00833333333333
1939,0.00833333333333
1940,0.00833333333333
1941,0.00833333333333
1942,0.00833333333333
1943,0.00833333333333
1944,0.00833333333333
1945,0.00833333333333
1946,0.00833333333333
1947,0.00833333333333
1948,0.00833333333333
1949,0.00833333333333
1950,0.00833333333333
1951,0.00833333333333
1952,0.00833333333333
1953,0.00833333333333
1954,0.00833333333333
1955,0.00833333333333
1956,0.00833333333333
1957,0.00833333333333
1958,0.00833333333333
1959,0.00833333333333
1960,0.00833333333333
1961,0.00833333333333
1962,0.00833333333333
1963,0.00833333333333
1964,0.00833333333333
1965,0.00833333333333
1966,0.00833333333333
1967,0.00833333333333
1968,0.00833333333333
1969,0.00833333333333
1970,0.00833333333333
1971,0.00833333333333
1972,0.00833333333333
1973,0.00833333333333
1974,0.00833333333333
1975,0.00833333333333
1976,0.00833333333333
1977,0.00833333333333
1978,0.00833333333333
1979,0.00833333333333
1980,0.00833333333333
1981,0.00833333333333
1982,0.00833333333333
1983,0.00833333333333
1984,0.00833333333333
1985,0.00833333333333
1986,0.00833333333333
1987,0.00833333333333
1988,0.00833333333333
1989,0.00833333333333
1990,0.00833333333333
1991,0.00833333333333
1992,0.00833333333333
1993,0.00833333333333
1994,0.00833333333333
1995,0.00833333333333
1996,0.00833333333333
1997,0.00833333333333
1998,0.00833333333333
1999,0.00833333333333
