35895
964
1338
1224
942
669
478
358
356
667
1178
1556
1666
1544
1045
676
611
605
656
674
602
492
416
448
602
812
985
1096
1068
801
611
689
814
997
1066
1018
822
565
418
453
546
656
613
509
396
323
419
741
874
715
604
461
401
468
862
1191
1438
1839
1881
1298
843
789
815
832
801
742
641
509
533
650
832
1008
1037
975
795
641
691
848
960
1055
971
812
528
416
449
554
686
619
456
346
269
361
654
796
660
540
458
403
460
849
1181
1433
1667
1759
1349
907
855
827
876
867
774
656
525
550
682
829
962
1056
1018
796
623
696
829
1012
1119
1029
869
562
398
442
526
659
641
549
407
322
417
717
836
705
547
438
390
472
864
1195
1428
1682
1747
1308
870
825
829
863
822
761
628
532
548
681
833
994
1092
1060
805
652
681
784
937
1025
991
819
572
418
432
546
655
607
531
394
303
378
678
819
723
597
443
358
450
825
1061
1359
1623
1632
1228
827
827
857
920
866
807
706
561
586
679
897
1081
1117
1018
774
614
701
851
964
1042
991
803
505
423
467
580
697
608
454
348
289
418
742
838
676
523
440
374
448
806
1134
1398
1677
1645
1237
813
790
856
860
824
850
687
545
558
697
845
991
997
936
760
595
687
853
966
1064
1071
820
533
394
430
532
666
646
535
394
314
385
690
856
723
576
453
388
492
855
1183
1426
1605
1614
1171
774
741
771
830
850
836
720
544
556
674
799
920
1096
995
800
629
718
828
996
1137
1037
852
582
454
473
556
651
612
530
396
325
428
728
838
718
583
454
363
433
812
1113
1397
1643
1693
1300
858
869
838
897
904
833
701
551
605
713
867
967
1076
1012
755
641
694
846
951
1055
1068
866
582
411
432
540
660
639
558
415
298
377
721
840
680
584
472
383
493
860
1129
1345
1674
1809
1339
899
884
873
903
884
821
681
544
570
713
892
997
1047
992
789
652
721
838
987
1149
1054
853
572
419
447
557
694
617
483
345
274
394
720
828
651
502
437
378
476
841
1210
1462
1583
1636
1228
847
822
890
910
924
822
671
520
543
686
835
985
1102
994
772
632
683
796
927
1023
1000
766
497
383
425
534
640
635
500
391
318
439
744
866
700
566
467
364
446
854
1165
1303
1522
1576
1157
748
749
762
856
867
807
692
541
561
669
844
976
1015
977
757
625
724
867
1016
1020
1018
831
523
395
415
547
637
674
529
371
285
394
726
848
697
