0.02
0.02
0.1333333
0.1333333
0.1333333
0.1314364
0.1067633
0.1156357
0.0741218
0.0898371
0.0595006
0.0783287
0.0542348
0.0816365
0.0684157
0.1095164
0.0780386
0.1171833
0.0912282
0.1002984
0.085034
0.0932634
0.0780855
0.1333333
0.1051966
0.1333333
0.1333333
0.1333333
0.1333333
0.1333333
0.1333333
0.1333333
0.1333333
0.1333333
0.1333333
0.1333333
0.1333333
0.1333333
0.1333333
0.1333333
0.1333333
0.1333333
0.1333333
0.1333333
0.1333333
0.1333333
0.1333333
0.1333333
0.1333333
0.1333333
0.1333333
0.1333333
0.1333333
0.1333333
0.1333333
0.1333333
0.1333333
0.1333333
0.1333333
0.1333333
0.1333333
0.1333333
0.1333333
0.1333333
0.1333333
0.1333333
0.1333333
0.1333333
0.1333333
0.1333333
0.1333333
0.1333333
0.1333333
0.1333333
0.1275329
0.1333333
0.1333333
0.1333333
0.1333333
0.1333333
0.1333333
0.1333333
0.1333333
0.1333333
0.1333333
0.1333333
0.1333333
0.1333333
0.1333333
0.1333333
0.1333333
0.1333333
0.1333333
0.1333333
0.1333333
0.1333333
0.1333333
0.1333333
0.1333333
0.1333333
0.1333333
0.1333333
0.1333333
0.1333333
0.1333333
0.1333333
0.1333333
0.1333333
0.1333333
0.1333333
0.1333333
0.1333333
0.1333333
0.1333333
0.1333333
0.1333333
0.1333333
0.1333333
0.1333333
0.1258917
0.1333333
0.1333333
0.1333333
0.1333333
0.1333333
0.1333333
0.1333333
0.1333333
0.1333333
0.1333333
0.1333333
0.1333333
0.1333333
0.1333333
0.1333333
0.1333333
0.1333333
0.1333333
0.1333333
0.1333333
0.1333333
0.1333333
0.1333333
0.1333333
0.1333333
0.1333333
0.1333333
0.1333333
0.1333333
0.1333333
0.1333333
0.1333333
0.1333333
0.1333333
0.1333333
0.1333333
0.1333333
0.1333333
0.1333333
0.1333333
0.1333333
0.1333333
0.1333333
0.1333333
0.127098
0.1333333
0.1333333
0.1333333
0.1333333
0.1333333
0.1333333
0.1333333
0.1333333
0.1333333
0.1333333
0.1333333
0.1333333
0.1333333
0.1333333
0.1333333
0.1333333
0.1333333
0.1333333
0.1333333
0.1333333
0.1333333
0.1333333
0.1333333
0.1333333
0.1333333
0.1333333
0.1333333
0.1333333
0.1333333
0.1333333
0.1333333
0.1333333
0.1333333
0.1333333
0.1333333
0.1333333
0.1333333
0.1333333
0.1333333
0.1333333
0.1333333
0.1333333
0.1333333
0.1333333
0.1333333
0.1333333
0.1333333
0.1333333
0.1333333
0.1333333
0.1333333
0.1333333
0.1333333
0.1333333
0.1333333
0.1333333
0.1333333
0.1333333
0.1333333
0.1333333
0.1333333
0.1333333
0.1333333
0.1333333
0.1333333
0.1333333
0.1333333
0.1333333
0.1333333
0.1333333
0.1333333
0.1333333
0.1333333
0.1333333
0.1333333
0.1333333
0.1333333
0.1333333
0.1333333
0.1333333
0.1333333
0.1333333
0.1333333
0.1333333
0.1333333
0.1333333
0.1333333
0.1333333
0.1333333
0.1333333
0.1333333
0.1333333
0.1333333
0.1333333
0.1333333
0.1333333
0.1333333
0.1333333
0.1333333
0.1333333
0.1333333
0.1333333
0.1333333
0.1333333
0.1333333
0.1333333
0.1333333
0.1333333
0.1333333
0.1333333
0.1333333
0.1333333
0.1333333
0.1333333
0.1333333
0.1333333
0.1333333
0.1333333
0.1333333
0.1333333
0.1333333
0.1333333
0.1333333
0.1333333
0.1333333
0.1333333
0.1333333
0.1333333
0.1333333
0.1333333
0.1333333
0.1333333
0.1333333
0.1333333
0.1333333
0.1333333
0.1333333
0.1333333
0.1333333
0.1333333
0.1333333
0.1333333
0.1333333
0.1333333
0.1333333
0.1333333
0.1333333
0.1333333
0.1333333
0.1333333
0.1333333
0.1333333
0.1333333
0.1333333
0.1333333
0.1333333
0.1333333
0.1333333
0.1333333
0.1333333
0.1333333
0.1333333
0.1333333
0.1333333
0.1333333
0.1333333
0.1333333
0.1333333
0.1333333
0.1333333
0.1333333
0.1333333
0.1333333
0.1333333
0.1333333
0.1333333
0.1333333
0.1333333
0.1333333
0.1333333
0.1333333
0.1333333
0.1333333
0.1333333
0.1333333
0.1333333
0.1333333
0.1333333
0.1333333
0.1333333
0.1333333
0.1333333
0.1333333
0.1333333
0.1333333
0.1333333
0.1333333
0.1333333
0.1333333
0.1333333
0.1333333
0.1333333
0.1333333
0.1333333
0.1333333
0.1333333
0.1333333
0.1333333
0.1333333
0.1333333
0.1333333
0.1333333
0.1333333
0.1333333
0.1333333
0.1333333
0.1333333
0.1333333
0.1333333
0.1333333
0.1333333
0.1333333
0.1333333
0.1333333
0.1298744
0.1333333
0.1333333
0.1333333
0.1333333
0.1333333
0.1333333
0.1333333
0.1333333
0.1333333
0.1333333
0.1333333
0.1333333
0.1333333
0.1333333
0.1333333
0.1333333
0.1333333
0.1333333
0.1333333
0.1333333
0.1333333
0.1333333
0.1333333
0.1333333
0.1333333
0.1333333
0.1333333
0.1333333
0.1333333
0.1333333
0.1333333
0.1333333
0.1333333
0.1333333
0.1333333
0.1333333
0.1333333
0.1333333
0.1333333
0.1333333
0.1333333
0.1333333
0.1333333
0.1333333
0.1333333
0.1333333
0.1333333
0.1333333
0.1333333
0.1333333
0.1333333
0.1333333
0.1333333
0.1333333
0.1333333
0.1333333
0.1333333
0.1333333
0.1333333
0.1333333
0.1333333
0.1333333
0.1333333
0.1333333
0.1333333
0.1333333
0.1333333
0.1333333
0.1333333
0.1333333
0.1333333
0.1333333
0.1333333
0.1333333
0.1333333
0.1333333
0.1333333
0.1333333
0.1333333
0.1333333
0.1333333
0.1333333
0.1333333
0.1333333
0.1333333
0.1333333
0.1333333
0.1333333
0.1333333
0.1333333
0.1333333
0.1333333
0.1333333
0.1333333
0.1333333
0.1333333
0.1333333
0.1333333
0.1333333
0.1333333
0.1333333
0.1333333
0.1333333
0.1333333
0.1333333
0.1333333
0.1333333
0.1333333
0.1333333
0.1333333
0.1333333
0.1333333
0.1333333
0.1333333
0.1333333
0.1333333
0.1333333
0.1333333
0.1333333
0.1333333
0.1333333
0.1333333
0.1333333
0.1333333
0.1333333
0.1333333
0.1333333
0.1333333
0.1333333
0.1333333
0.1333333
0.1333333
0.1333333
0.1333333
0.1276237
0.1333333
0.1333333
0.1333333
0.1333333
0.1333333
0.1333333
0.1333333
0.1333333
0.1333333
0.1333333
0.1333333
0.1333333
0.1333333
0.1333333
0.1333333
0.1333333
0.1333333
0.1333333
0.1333333
0.1333333
0.1333333
0.1333333
0.1333333
0.1333333
0.1333333
0.1333333
0.1333333
0.1333333
0.1333333
0.1333333
0.1333333
0.1333333
0.1333333
0.1333333
0.1333333
0.1333333
0.1333333
0.1333333
0.1333333
0.1333333
0.1333333
0.1333333
0.1333333
0.1333333
0.1333333
0.1333333
0.1333333
0.1333333
0.1333333
0.1333333
0.1333333
0.1333333
0.1333333
0.1333333
0.1333333
0.1333333
0.1333333
0.1333333
0.1333333
0.1333333
0.1333333
0.1333333
0.1333333
0.1333333
0.1333333
0.1333333
0.1333333
0.1333333
0.1333333
0.1333333
0.1333333
0.1333333
0.1333333
0.1333333
0.1333333
0.1333333
0.1333333
0.1333333
0.1333333
0.1333333
0.1333333
0.1333333
0.1333333
0.1333333
0.1333333
0.1333333
0.1333333
0.1333333
0.1333333
0.1333333
0.1333333
0.1333333
0.1333333
0.1333333
0.1333333
0.1333333
0.1333333
0.1333333
0.1333333
0.1333333
0.1333333
0.1333333
0.1333333
0.1333333
0.1333333
0.1333333
0.1333333
0.1333333
0.1333333
0.1333333
0.1333333
0.1333333
0.1333333
0.1333333
0.1333333
0.1333333
0.1333333
0.1333333
0.1333333
0.1333333
0.1333333
0.1333333
0.1333333
0.1333333
0.1333333
0.1333333
0.1333333
0.1333333
0.1333333
0.1333333
0.1333333
0.1333333
0.1333333
0.1333333
0.1333333
0.1333333
0.1333333
0.1333333
0.1333333
0.1333333
0.1333333
0.1333333
0.1333333
0.1333333
0.1333333
0.1333333
0.1333333
0.1333333
0.1333333
0.1333333
0.1333333
0.1333333
0.1333333
0.1333333
0.1333333
0.1333333
0.1333333
0.1333333
0.1333333
0.1333333
0.1333333
0.1333333
0.1333333
0.1333333
0.1333333
0.1333333
0.1333333
0.1333333
0.1333333
0.1333333
0.1333333
0.1333333
0.1333333
0.1333333
0.1333333
0.1333333
0.1333333
0.1333333
0.1333333
0.1333333
0.1333333
0.1333333
0.1333333
0.1333333
0.1333333
0.1333333
0.1333333
0.1333333
0.1333333
0.1333333
0.1333333
0.1333333
0.1333333
0.1333333
0.1333333
0.1333333
0.1333333
0.1333333
0.1333333
0.1333333
0.1333333
0.1333333
0.1333333
0.1333333
0.1333333
0.1333333
0.1333333
0.1333333
0.1333333
0.1333333
0.1333333
0.1333333
0.1333333
0.1333333
0.1333333
0.1333333
0.1333333
0.1333333
0.1333333
0.1333333
0.1333333
0.1333333
0.1333333
0.1333333
0.1260119
0.1333333
0.1333333
0.1333333
0.1333333
0.1333333
0.1333333
0.1333333
0.1333333
0.1333333
0.1333333
0.1333333
0.1333333
0.1333333
0.1333333
0.1333333
0.1333333
0.1333333
0.1333333
0.1333333
0.1333333
0.1333333
0.1333333
0.1333333
0.1333333
0.1333333
0.1333333
0.1333333
0.1333333
0.1333333
0.1333333
0.1333333
0.1333333
0.1333333
0.1333333
0.1333333
0.1333333
0.1333333
0.1333333
0.1333333
0.1333333
0.1333333
0.1333333
0.1333333
0.1333333
0.1333333
0.1333333
0.1333333
0.1333333
0.1333333
0.1333333
0.1333333
0.1333333
0.1333333
0.1333333
0.1333333
0.1333333
0.1333333
0.1333333
0.1333333
0.1333333
0.1333333
0.1333333
0.1333333
0.1333333
0.1333333
0.1333333
0.1333333
0.1333333
0.1333333
0.1333333
0.1333333
0.1333333
0.1333333
0.1333333
0.1333333
0.1333333
0.1333333
0.1333333
0.1333333
0.1333333
0.1333333
0.1333333
0.1333333
0.1333333
0.1333333
0.1333333
0.1333333
0.1333333
0.1333333
0.1333333
0.1333333
0.1333333
0.1333333
0.1333333
0.1333333
0.1333333
0.1333333
0.1333333
0.1333333
0.1333333
0.1333333
0.1333333
0.1333333
0.1333333
0.1333333
0.1333333
0.1333333
0.1333333
0.1333333
0.1333333
0.1333333
0.1333333
0.1333333
0.1333333
0.1333333
0.1333333
0.1333333
0.1333333
0.1333333
0.1333333
0.1333333
0.1333333
0.1333333
0.1333333
0.1333333
0.1333333
0.1333333
0.1333333
0.1333333
0.1333333
0.1333333
0.1333333
0.1333333
0.1333333
0.1333333
0.1333333
0.1333333
0.1333333
0.1333333
0.1333333
0.1333333
0.1333333
0.1333333
0.1333333
0.1333333
0.1333333
0.1333333
0.1333333
0.1333333
0.1333333
0.1333333
0.1333333
0.1333333
0.1333333
0.1333333
0.1333333
0.1333333
0.1333333
0.1333333
0.1333333
0.1333333
0.1333333
0.1333333
0.1333333
0.1333333
0.1333333
0.1333333
0.1333333
0.1333333
0.1333333
0.1333333
0.1333333
0.1333333
0.1333333
0.1333333
0.1333333
0.1333333
0.1333333
0.1333333
0.1326882
0.1333333
0.1333333
0.1333333
0.1333333
0.1333333
0.1333333
0.1333333
0.1333333
0.1333333
0.1333333
0.1333333
0.1333333
0.1333333
0.1333333
0.1333333
0.1333333
0.1333333
0.1333333
0.1333333
0.1333333
0.1333333
0.1333333
0.1333333
0.1333333
0.1333333
0.1333333
0.1333333
0.1333333
0.1333333
0.1333333
0.1333333
0.1333333
0.1333333
0.1333333
0.1333333
0.1333333
0.1333333
0.1333333
0.1333333
0.1333333
0.1333333
0.1333333
0.1333333
0.1333333
0.1333333
0.1333333
0.1333333
0.1333333
0.1333333
0.1333333
0.1333333
0.1333333
0.1333333
0.1333333
0.1333333
0.1333333
0.1333333
0.1333333
0.1333333
0.1333333
0.1333333
0.1333333
0.1333333
0.1333333
0.1333333
0.1333333
0.1333333
0.1333333
0.1333333
0.1333333
