36676
2227
1984
1697
1932
2149
2065
2225
9101
7213
3971
3612
751
497
459
434
466
557
617
619
595
484
438
477
522
595
659
697
690
894
952
1431
2340
2652
2518
3715
3445
1658
765
946
931
557
422
466
483
473
652
897
984
1013
1098
1119
1208
2993
3226
3535
2059
593
455
447
380
394
496
632
820
1068
801
433
445
500
574
614
714
735
909
1055
1496
2079
2510
2663
3547
3149
1601
765
895
899
575
447
484
490
475
656
899
992
1053
1104
1109
1215
2897
3326
3819
2131
657
506
459
406
412
472
609
774
1054
793
461
454
458
526
605
730
740
861
1013
1414
1979
2427
2582
3517
3038
1640
799
950
919
586
442
490
492
494
685
892
992
989
1041
1077
1210
2816
3115
3558
2080
637
474
456
419
423
524
686
854
1107
818
483
461
485
550
604
732
754
929
1102
1477
2189
2569
2633
3532
3177
1648
819
951
906
538
414
458
473
446
663
924
1033
1068
1047
1124
1238
2965
3374
3788
2089
620
461
444
419
413
490
677
885
1115
819
476
478
482
537
603
731
722
856
989
1371
1949
2350
2479
3462
3041
1601
802
958
917
562
455
490
494
469
682
888
1010
1078
1109
1134
1226
2757
3080
3470
1979
585
479
451
414
418
485
670
874
1139
863
479
454
489
555
612
733
730
896
1012
1439
2095
2403
2346
3350
3012
1563
774
942
905
569
440
466
459
462
651
874
971
1032
1061
1056
1217
2994
3593
3881
2131
642
473
436
378
389
476
635
878
1161
877
498
483
500
552
626
710
719
878
1022
1407
2062
2435
2467
3400
3100
1609
805
919
896
568
442
468
485
466
666
833
948
993
1027
1058
1264
2972
3707
4720
2435
629
455
456
381
385
480
683
922
1080
783
447
423
470
529
592
725
732
938
1099
1479
2197
2671
2822
3729
3342
1681
810
919
913
577
433
465
468
458
645
856
994
1014
1035
1082
1236
2860
3214
3749
2101
614
483
431
387
403
489
660
850
1097
813
429
440
484
536
607
733
732
893
989
1382
2038
2421
2531
3443
3200
1554
742
910
910
582
473
504
516
514
753
980
1080
1087
1098
1058
1170
2877
3222
3682
2046
612
502
488
424
420
453
628
810
1091
848
461
456
467
544
615
710
731
914
1032
1411
2123
2445
2492
3630
3346
1714
790
931
922
591
419
477
486
469
676
913
971
1029
1063
1073
1193
2960
3352
3760
2110
598
464
450
394
419
497
680
849
1103
820
489
461
495
533
607
713
730
921
1037
1462
2098
2475
2562
3447
3025
1660
786
930
940
592
456
472
476
480
707
918
1014
1041
