0
55.704536
0.098932
0.301925
0.167274
0.145694
0.098189
0.07663
0.048755
0.047528
0.102238
0.144574
0.185903
0.198952
0.199021
0.160119
0.085913
0.084893
0.080073
0.082671
0.085561
0.081316
0.064379
0.053898
0.066032
0.081548
0.109208
0.12509
0.132417
0.132098
0.114014
0.08451
0.093269
0.116879
0.131974
0.13149
0.129377
0.119419
0.081824
0.056117
0.048352
0.066599
0.085573
0.080298
0.071567
0.045291
0.030162
0.030162
0.097404
0.103296
0.094717
0.079119
0.0632
0.049541
0.082657
0.128098
0.163596
0.203571
0.229541
0.258312
0.228335
0.130293
0.128926
0.128798
0.123445
0.109292
0.088329
0.080052
0.066864
0.07454
0.095616
0.105702
0.126544
0.131272
0.124602
0.113083
0.089108
0.09379
0.110911
0.137024
0.138359
0.14415
0.128217
0.087395
0.058333
0.049985
0.069326
0.088414
0.082253
0.064737
0.050431
0.036598
0.036598
0.103484
0.114008
0.112736
0.077348
0.068506
0.049223
0.078961
0.140608
0.15465
0.182842
0.235392
0.230854
0.204812
0.125078
0.117318
0.129566
0.118295
0.108995
0.095496
0.08626
0.080043
0.078564
0.090452
0.103947
0.121647
0.136764
0.134646
0.113149
0.088723
0.103792
0.11555
0.127884
0.132784
0.131026
0.125385
0.100507
0.06182
0.061464
0.077778
0.118005
0.094514
0.067108
0.051637
0.038752
0.06245
0.06245
0.111627
0.100791
0.083133
0.066812
0.053277
0.081628
0.129745
0.151698
0.17143
0.229964
0.237015
0.216335
0.120672
0.116247
0.11888
0.114697
0.12771
0.103483
0.088269
0.076056
0.085854
0.101366
0.10906
0.129139
0.123241
0.116922
0.103352
0.081337
0.099846
0.113686
0.129743
0.138864
0.156873
0.128845
0.088552
0.065307
0.055146
0.06778
0.089475
0.081574
0.07814
0.052453
0.036262
0.036262
0.10784
0.110005
0.096217
0.083157
0.069059
0.052717
0.052717
0.124356
0.159057
0.184902
0.236845
0.247479
0.223622
0.11713
0.118288
0.123794
0.114068
0.114724
0.107179
0.08236
0.070743
0.074065
0.094212
0.103962
0.118094
0.137039
0.134824
0.115451
0.089766
0.106537
0.118018
0.126512
0.139099
0.153716
0.11982
0.087972
0.057055
0.052144
0.066549
0.090064
0.094791
0.072655
0.046805
0.036424
0.036424
0.108201
0.112047
0.092306
0.084087
0.060485
0.060485
0.074513
0.1243
0.161806
0.176946
0.227079
0.253691
0.214648
0.127546
0.139268
0.138473
0.11842
0.105628
0.096644
0.089726
0.080658
0.08499
0.090539
0.115837
0.127877
0.131923
0.142244
0.11644
0.08339
0.095993
0.109548
0.123608
0.137485
0.145007
0.12565
0.093695
0.058869
0.058409
0.058409
0.093244
0.089141
0.072015
0.048506
0.032599
0.032599
0.100203
0.114056
0.094158
0.075499
0.059057
0.046676
0.081977
0.1227
0.162494
0.19285
0.305445
0.256753
0.220433
0.164266
0.156399
0.141872
0.119866
0.125004
0.108232
0.095311
0.072
0.083136
0.090246
0.113064
0.120982
0.122806
0.136574
0.109909
0.079914
0.097538
0.123983
0.132156
0.145016
0.145956
0.122425
0.082635
0.057119
0.050265
0.050265
0.085756
0.085337
0.061153
0.044807
0.044807
0.051005
0.051005
0.106243
0.099056
0.081455
0.071532
0.054873
0.082511
0.082511
0.1495
0.17953
0.221341
0.233631
0.206814
0.12521
0.122388
0.129443
0.128458
0.108552
0.100481
0.085025
0.075565
0.078887
0.095382
0.115112
0.119983
0.133019
0.132652
0.123376
0.095178
0.099477
0.117989
0.128273
0.138794
0.13855
0.120175
0.083719
0.05702
0.053579
0.068611
0.096034
0.083452
0.075911
0.053405
0.036204
0.057072
0.057072
0.107744
0.097543
0.073986
0.061101
0.049014
0.049014
0.11931
0.153515
0.173193
0.223644
0.225778
0.216437
0.120731
0.115743
0.123328
0.114558
0.124785
0.090148
0.095991
0.071597
0.071893
0.098478
0.112705
0.133564
0.14251
0.143903
0.119033
0.087425
0.111774
0.125832
0.138179
0.1464
0.144531
0.131789
0.088889
0.05661
0.05661
0.074648
0.094212
0.089583
0.078691
0.050076
0.033983
0.033983
0.108319
0.113132
0.098731
0.086703
0.073374
0.04878
0.075925
0.12442
0.147506
0.171445
0.20113
0.22919
0.209775
0.11393
0.118558
0.111508
0.110881
0.103937
0.099479
0.092739
0.076908
0.076287
0.09169
0.11135
0.13091
0.138369
0.13627
0.126321
0.089295
0.101893
0.117017
0.126719
0.135879
0.131757
0.117423
0.088527
0.053635
0.053635
0.068354
0.086781
0.079633
0.06928
0.049469
0.038202
0.056386
0.056386
0.114379
0.091755
0.076384
0.072495
0.048706
0.078271
0.127211
0.160314
0.183366
0.205687
0.216272
0.200967
0.121368
0.120027
0.12275
0.118819
0.110549
0.092978
0.082926
0.072726
0.073838
0.092549
0.108295
0.135423
0.135495
0.132167
0.119277
0.098129
0.100086
0.126327
0.136012
0.145589
0.135444
0.125811
0.089739
0.053979
0.048564
0.065488
0.091624
0.093174
0.075981
0.052174
0.040976
0.061172
0.061172
0.117474
0.097952
0.081678
0.064321
0.04508
0.073639
0.073639
0.157657
0.184945
0.22244
0.242134
0.206509
0.115626
0.120455
0.131454
0.120487
0.11819
0.106789
0.083537
0.074869
0.075464
0.084081
0.112112
0.128731
0.127871
0.128821
0.115735
0.084204
0.099318
0.106499
0.135144
0.134686
0.133558
0.120121
0.095503
0.0579
0.0579
0.065896
0.091614
0.083757
0.068809
0.045554
0.045554
0.057633
0.057633
0.111772
0.095579
0.085289
0.068993
0.053542
0.081955
0.12261
0.155765
0.190582
0.224776
0.243227
0.213681
0.123514
0.118643
0.116932
0.112243
0.102311
0.09852
0.092515
0.074142
0.074683
0.097222
0.119217
0.132131
0.137296
0.127345
0.104558
0.088749
0.092827
0.112722
0.153724
0.142575
0.174197
0.143665
0.130679
0.07879
0.051566
0.069215
0.092716
0.095528
0.075064
0.049639
0.038607
0.038607
0.103203
0.10697
0.095452
0.08224
0.064643
0.052646
0.080092
0.125015
0.160188
0.190471
0.231405
0.237385
0.218185
0.132227
0.133701
0.120936
0.110872
0.111828
0.100167
0.089479
0.075888
0.077426
0.091514
0.115583
0.133673
0.138393
0.135243
0.120921
0.090476
0.09976
0.115245
0.126862
0.130292
0.130694
0.112759
0.079523
0.052664
0.053694
0.053694
0.097742
0.090995
0.072585
0.050427
0.036233
0.036233
0.108441
0.110859
0.097271
0.079236
0.067016
0.04672
0.078267
0.120195
0.148606
0.190912
0.212642
0.223458
0.207205
0.115869
0.109324
0.109841
0.117972
0.115839
0.102091
0.086522
0.078753
0.077409
0.096678
0.107498
0.132399
0.138786
0.128867
0.111329
0.088202
0.096858
0.132113
0.144481
0.138609
0.154774
0.134188
0.095873
0.060509
0.054225
0.054225
0.092896
0.085902
0.075717
0.048215
0.048215
0.055758
0.098942
0.110019
0.093546
0.077044
0.061377
0.046842
0.078195
0.121322
0.155062
0.206012
0.233443
0.234319
0.224361
0.116679
0.123633
0.12112
0.118511
0.113686
0.101368
0.094106
0.081744
0.078923
0.101732
0.131095
0.14177
0.16352
0.141855
0.121829
0.093624
0.115653
0.120864
0.131714
0.138951
0.137844
0.129728
0.091342
0.061086
0.05681
0.068011
0.068011
0.09436
0.070055
0.054323
0.036115
0.036115
0.099667
0.110594
0.092457
0.079066
0.063712
0.048717
0.077994
0.121948
0.148682
0.17097
0.22348
0.226616
0.205029
0.124521
0.127804
0.124635
0.115133
0.115193
0.099074
0.09646
0.075549
0.077801
0.095725
0.113966
0.124865
0.139374
0.13755
0.119664
0.082545
0.102725
0.110744
0.132041
0.148153
0.135668
0.113125
0.081704
0.053083
0.053123
0.066309
0.092452
0.087068
0.067944
0.042309
0.034433
0.034433
0.11017
0.107132
0.105465
0.079009
0.065411
0.065411
0.080071
0.120322
0.15264
0.193416
0.215791
0.23091
0.209453
0.119581
0.114751
0.116201
0.111727
0.112434
0.098092
0.083383
0.070746
0.075572
0.094058
0.117934
0.129612
0.136456
0.13154
0.124648
0.086435
0.095401
0.118862
0.128197
0.136387
0.14084
0.112449
0.082316
0.049412
0.059375
0.068826
0.092824
0.099532
0.070342
0.048672
0.040074
0.059947
0.059947
0.116814
0.093831
0.086235
0.069003
0.050102
0.077182
0.131968
0.157268
0.180403
0.225625
0.233568
0.20224
0.134887
0.130084
0.136248
0.119756
0.1106
0.100506
0.082945
0.075898
0.072384
0.092229
0.109905
0.127431
0.143755
0.128316
0.115952
0.09204
0.101018
0.122239
0.12384
0.143304
0.141392
0.125629
0.084658
0.057842
0.057518
0.08307
0.097624
0.092865
0.077773
0.051439
0.036845
0.052426
0.052426
0.114644
0.097311
0.079696
0.060852
0.049814
0.049814
0.125762
0.172439
0.181817
0.214975
0.239725
0.207639
0.110252
0.124076
0.130584
0.121614
0.112307
0.109241
0.092656
0.071612
0.075418
0.100046
0.115131
0.124838
0.124961
0.125175
0.113275
0.085976
0.100824
0.116514
0.148615
0.142804
0.140805
0.131377
0.094134
0.058096
0.05382
0.066526
0.092036
0.088129
0.073566
0.050257
0.03402
0.056804
0.056804
0.103763
0.095423
0.081928
0.066495
0.066495
0.070805
0.124258
0.149544
0.189031
0.237166
0.22908
0.212723
0.125546
0.122336
0.113291
0.111146
0.101322
0.093693
0.078906
0.082925
0.078215
0.10479
0.119783
0.140595
0.167561
0.146531
0.116799
0.098024
0.103408
0.110859
0.145814
0.137874
0.142696
0.124492
0.091177
0.055243
0.055243
0.070746
0.094612
0.087803
0.068266
0.043045
0.043045
0.053574
0.053574
0.121707
0.101013
0.080581
0.066688
0.051731
0.079893
0.122717
0.156126
0.174478
0.218893
0.233932
0.210142
0.123702
0.115419
0.128403
0.12309
0.113346
0.103459
0.086157
0.075255
0.083476
0.091488
0.109776
0.128747
0.12809
0.136439
0.106295
0.081236
0.103031
0.120446
0.134978
0.138742
0.135913
0.127805
0.083899
0.05591
0.05143
0.065806
0.093422
0.100786
0.070115
0.047693
0.034192
0.055701
0.055701
0.113769
0.094795
0.073791
0.056004
0.043448
0.071451
