0,0.15
1,0.12938366666667
2,0.12262166666667
3,0.13630266666667
4,0.12835866666667
5,0.135555
6,0.13586366666667
7,0.13172366666667
8,0.136883
9,0.13643633333333
10,0.140205
11,0.12455166666667
12,0.12544833333333
13,0.15
14,0.128319
15,0.13834766666667
16,0.11666666666667
17,0.13333333333333
18,0.13333333333333
19,0.13333333333333
20,0.14866466666667
21,0.12873133333333
22,0.13402466666667
23,0.13110466666667
24,0.13319433333333
25,0.134881
26,0.12273266666667
27,0.13946833333333
28,0.136165
29,0.135402
30,0.12403966666667
31,0.14825833333333
32,0.13333333333333
33,0.13044
34,0.131782
35,0.12111133333333
36,0.135296
37,0.13137066666667
38,0.13333333333333
39,0.15
40,0.13333333333333
41,0.13333333333333
42,0.131556
43,0.12083
44,0.14165933333333
45,0.13050466666667
46,0.12545
47,0.14484733333333
48,0.138486
49,0.11744233333333
50,0.13463066666667
51,0.13457133333333
52,0.13002233333333
53,0.13333333333333
54,0.140569
55,0.137998
56,0.12390433333333
57,0.130862
58,0.149853
59,0.13348033333333
60,0.128289
61,0.123851
62,0.13437266666667
63,0.130154
64,0.13837033333333
65,0.141435
66,0.12881533333333
67,0.14137933333333
68,0.12916666666667
69,0.1375
70,0.132751
71,0.117249
72,0.13333333333333
73,0.15
74,0.13333333333333
75,0.120206
76,0.14646066666667
77,0.132289
78,0.13437766666667
79,0.13245333333333
80,0.11754666666667
81,0.13333333333333
82,0.13333333333333
83,0.139166
84,0.13761333333333
85,0.1363
86,0.134604
87,0.12911166666667
88,0.124288
89,0.13838333333333
90,0.129929
91,0.13556533333333
92,0.13958833333333
93,0.136605
94,0.12501833333333
95,0.127161
96,0.13333333333333
97,0.13367633333333
98,0.13299033333333
99,0.134466
100,0.14880033333333
101,0.13016433333333
102,0.11990266666667
103,0.14165066666667
104,0.14168266666667
105,0.132542
106,0.12022033333333
107,0.130571
108,0.13333333333333
109,0.13924766666667
110,0.13665633333333
111,0.126317
112,0.147779
113,0.13333333333333
114,0.1318
115,0.13350266666667
116,0.11803066666667
117,0.13333333333333
118,0.14085533333333
119,0.142478
120,0.12076133333333
121,0.14552333333333
122,0.12944733333333
123,0.12851733333333
124,0.14241733333333
125,0.13180966666667
126,0.126002
127,0.129819
128,0.129036
129,0.14109266666667
130,0.125574
131,0.138126
132,0.13202566666667
133,0.146515
134,0.12683233333333
135,0.12896133333333
136,0.12753966666667
137,0.14462866666667
138,0.13870466666667
139,0.11677966666667
140,0.13842833333333
141,0.13540733333333
142,0.12605133333333
143,0.13333333333333
144,0.137272
145,0.14606133333333
146,0.12500366666667
147,0.125711
148,0.13994933333333
149,0.13702966666667
150,0.13165966666667
151,0.12398
152,0.13488433333333
153,0.134971
154,0.132296
155,0.14784866666667
156,0.13188766666667
157,0.132834
158,0.12523333333333
159,0.12671166666667
160,0.14945633333333
161,0.121529
162,0.12901466666667
163,0.13508933333333
164,0.148244
165,0.12423466666667
166,0.12576533333333
167,0.14893066666667
168,0.12615433333333
169,0.14158166666667
170,0.125868
171,0.124132
172,0.13333333333333
173,0.13614366666667
174,0.13352733333333
175,0.13376166666667
176,0.138221
177,0.13649933333333
178,0.13087333333333
179,0.13844866666667
180,0.120899
181,0.131626
182,0.13615033333333
183,0.147183
184,0.13333333333333
185,0.122711
186,0.127289
187,0.13540266666667
188,0.131264
189,0.14015166666667
190,0.14318166666667
191,0.12580333333333
192,0.12419666666667
193,0.136554
194,0.13011266666667
195,0.143864
196,0.12406066666667
197,0.13846766666667
198,0.14028533333333
199,0.119989
200,0.148134
201,0.13475433333333
202,0.126029
203,0.13022033333333
204,0.13307366666667
205,0.13744366666667
206,0.140345
207,0.12111
208,0.131381
209,0.147509
210,0.11666666666667
211,0.13333333333333
212,0.15
213,0.12642833333333
214,0.13308833333333
215,0.13266866666667
216,0.13930433333333
217,0.11981
218,0.13559066666667
219,0.13264433333333
220,0.130746
221,0.14300666666667
222,0.13044766666667
223,0.14293166666667
224,0.128827
225,0.136248
226,0.11825833333333
227,0.135418
228,0.14791533333333
229,0.13333333333333
230,0.12240466666667
231,0.13486166666667
232,0.12827633333333
233,0.131124
234,0.13646066666667
235,0.14687266666667
236,0.13333333333333
237,0.12044233333333
238,0.12955766666667
239,0.14088633333333
240,0.140581
241,0.121229
242,0.130637
243,0.13987733333333
244,0.12678933333333
245,0.14542033333333
246,0.12500766666667
247,0.14048366666667
248,0.13476833333333
249,0.12098666666667
250,0.14979966666667
251,0.131891
252,0.11830933333333
253,0.13423266666667
254,0.14910066666667
255,0.11956633333333
256,0.13043366666667
257,0.15
258,0.13333333333333
259,0.12507066666667
260,0.12492933333333
261,0.13800366666667
262,0.131697
263,0.13225766666667
264,0.134424
265,0.140673
266,0.12693333333333
267,0.129426
268,0.14247533333333
269,0.13888888888889
270,0.12918277777778
271,0.125301
272,0.13073733333333
273,0.15
274,0.13333333333333
275,0.11666666666667
276,0.138952
277,0.12771466666667
278,0.13333333333333
279,0.135678
280,0.14765533333333
281,0.12714366666667
282,0.12616266666667
283,0.132816
284,0.13054433333333
285,0.15
286,0.123393
287,0.132135
288,0.144472
289,0.11666666666667
290,0.141371
291,0.14196233333333
292,0.13333333333333
293,0.12599333333333
294,0.13055133333333
295,0.14314266666667
296,0.133646
297,0.11666666666667
298,0.14104866666667
299,0.14228466666667
300,0.12915533333333
301,0.12084466666667
302,0.15
303,0.132095
304,0.13457166666667
305,0.12817566666667
306,0.12619266666667
307,0.128965
308,0.13333333333333
309,0.14038566666667
310,0.14294766666667
311,0.12627333333333
312,0.13191666666667
313,0.14181
314,0.12873266666667
315,0.13733533333333
316,0.11729933333333
317,0.13376033333333
318,0.14517633333333
319,0.137696
320,0.11666666666667
321,0.140696
322,0.12728733333333
323,0.133802
324,0.13614166666667
325,0.14495566666667
326,0.133175
327,0.119392
328,0.131217
329,0.14035966666667
330,0.14297366666667
331,0.12214866666667
332,0.133656
333,0.14188033333333
334,0.11898166666667
335,0.13333333333333
336,0.144685
337,0.13864833333333
338,0.13333333333333
339,0.13333333333333
340,0.123074
341,0.136014
342,0.12424533333333
343,0.133677
344,0.14959
345,0.13339966666667
346,0.12335133333333
347,0.14331533333333
348,0.13333333333333
349,0.13321266666667
350,0.133454
351,0.11666666666667
352,0.138483
353,0.12865833333333
354,0.13285866666667
355,0.14003666666667
356,0.14329666666667
357,0.128057
358,0.13860966666667
359,0.122998
360,0.13595533333333
361,0.12438
362,0.13333333333333
363,0.15
364,0.12704166666667
365,0.133157
366,0.125072
367,0.131396
368,0.13769
369,0.12917233333333
370,0.13313766666667
371,0.15
372,0.119667
373,0.130333
374,0.14761933333333
375,0.135714
376,0.12987
377,0.12013
378,0.13333333333333
379,0.139243
380,0.12742366666667
381,0.15
382,0.13333333333333
383,0.12647066666667
384,0.12890833333333
385,0.13333333333333
386,0.144621
387,0.11666666666667
388,0.13333333333333
389,0.1468
390,0.13653333333333
391,0.11666666666667
392,0.15
393,0.13333333333333
394,0.13333333333333
395,0.13333333333333
396,0.12998466666667
397,0.12001533333333
398,0.13799466666667
399,0.135901
400,0.142771
401,0.13333333333333
402,0.13115066666667
403,0.135516
404,0.11982966666667
405,0.146837
406,0.11733033333333
407,0.13559133333333
408,0.14707833333333
409,0.13235566666667
410,0.11764433333333
411,0.13457366666667
412,0.132093
413,0.13389533333333
414,0.13277133333333
415,0.14786066666667
416,0.132475
417,0.12091733333333
418,0.13208033333333
419,0.15
420,0.13333333333333
421,0.13333333333333
422,0.12434
423,0.12566
424,0.13333333333333
425,0.14124833333333
426,0.141267
427,0.132924
428,0.13218966666667
429,0.11978433333333
430,0.13258666666667
431,0.15
432,0.11734933333333
433,0.13265066666667
434,0.14763066666667
435,0.13396433333333
436,0.118405
437,0.142563
438,0.138348
439,0.13575566666667
440,0.132403
441,0.131162
442,0.12032666666667
443,0.13930066666667
444,0.12680766666667
445,0.139244
446,0.13083033333333
447,0.13333333333333
448,0.13511333333333
449,0.13138166666667
450,0.141875
451,0.127244
452,0.127645
453,0.15
454,0.13333333333333
455,0.12051166666667
456,0.130828
457,0.13199366666667
458,0.13576266666667
459,0.130904
460,0.146675
461,0.13665833333333
462,0.12818533333333
463,0.12181466666667
464,0.13719366666667
465,0.14207933333333
466,0.136043
467,0.123775
468,0.13246333333333
469,0.12844566666667
470,0.13333333333333
471,0.15
472,0.13068033333333
473,0.13085766666667
474,0.12179533333333
475,0.13541133333333
476,0.141587
477,0.12300166666667
478,0.13333333333333
479,0.14279333333333
480,0.14054
481,0.12310733333333
482,0.14355933333333
483,0.12762733333333
484,0.12497933333333
485,0.14739333333333
486,0.11666666666667
487,0.13333333333333
488,0.13333333333333
489,0.13333333333333
490,0.13333333333333
491,0.13333333333333
492,0.13808966666667
493,0.14524366666667
494,0.13333333333333
495,0.13235133333333
496,0.13074833333333
497,0.12023366666667
498,0.13749466666667
499,0.14583866666667
500,0.132388
501,0.117612
502,0.134804
503,0.13186266666667
504,0.13333333333333
505,0.138192
506,0.14514133333333
507,0.13066933333333
508,0.126477
509,0.14008033333333
510,0.13610666666667
511,0.13333333333333
512,0.11666666666667
513,0.137742
514,0.12892466666667
515,0.13333333333333
516,0.14765766666667
517,0.13280766666667
518,0.13620133333333
519,0.125964
520,0.124036
521,0.15
522,0.12945633333333
523,0.12525866666667
524,0.12861833333333
525,0.14856633333333
526,0.11810033333333
527,0.13333333333333
528,0.14924966666667
529,0.13271666666667
530,0.12958833333333
531,0.13844366666667
532,0.11666833333333
533,0.13333333333333
534,0.13333333333333
535,0.13333333333333
536,0.13407566666667
537,0.147789
538,0.130769
539,0.135732
540,0.129836
541,0.138465
542,0.12208033333333
543,0.14433866666667
544,0.133581
545,0.13333333333333
546,0.12200333333333
547,0.13459133333333
548,0.12673866666667
549,0.14052833333333
550,0.13955166666667
551,0.13658666666667
552,0.13333333333333
553,0.12217966666667
554,0.13865233333333
555,0.12250133333333
556,0.14422766666667
557,0.12569066666667
558,0.13008166666667
559,0.13688066666667
560,0.135819
561,0.143967
562,0.13333333333333
563,0.13333333333333
564,0.11666666666667
565,0.14070266666667
566,0.13881166666667
567,0.13078133333333
568,0.126392
569,0.129979
570,0.14803533333333
571,0.12295166666667
572,0.136242
573,0.140907
574,0.13519733333333
575,0.12963933333333
576,0.12036066666667
577,0.13504766666667
578,0.131619
579,0.13466166666667
580,0.132005
581,0.13407033333333
582,0.14156266666667
583,0.13405066666667
584,0.13625733333333
585,0.12777777777778
586,0.14253055555556
587,0.12446233333333
588,0.13195766666667
589,0.14097366666667
590,0.13255566666667
591,0.120468
592,0.133841
593,0.139812
594,0.134603
595,0.126703
596,0.14740366666667
597,0.134304
598,0.11666666666667
599,0.13333333333333
600,0.13333333333333
601,0.15
602,0.11666666666667
603,0.13333333333333
604,0.15
605,0.121759
606,0.13333333333333
607,0.13909566666667
608,0.13914533333333
609,0.13044166666667
610,0.11955833333333
611,0.15
612,0.13333333333333
613,0.12461333333333
614,0.127456
615,0.14793066666667
616,0.11881666666667
617,0.13946166666667
618,0.14172166666667
619,0.13333333333333
620,0.12813233333333
621,0.12186766666667
622,0.14242833333333
623,0.12423833333333
624,0.13861266666667
625,0.13354233333333
626,0.127845
627,0.13333333333333
628,0.14085
629,0.135312
630,0.13835633333333
631,0.13548166666667
632,0.11666666666667
633,0.13333333333333
634,0.15
635,0.131064
636,0.12519433333333
637,0.127075
638,0.137327
639,0.12933966666667
640,0.137218
641,0.14611533333333
642,0.13333333333333
643,0.11666666666667
644,0.13581033333333
645,0.13303
646,0.14782633333333
647,0.11666666666667
648,0.13898733333333
649,0.14300233333333
650,0.11838433333333
651,0.134489
652,0.14847033333333
653,0.12753433333333
654,0.12784233333333
655,0.12795666666667
656,0.14279233333333
657,0.133015
658,0.12419266666667
659,0.13968566666667
660,0.14364766666667
661,0.12698033333333
662,0.13002366666667
663,0.142996
664,0.13005466666667
665,0.136612
666,0.13297
667,0.12751166666667
668,0.12285166666667
669,0.134901
670,0.132944
671,0.13969533333333
672,0.14245966666667
673,0.129333
674,0.13478166666667
675,0.12502366666667
676,0.13713333333333
677,0.128671
678,0.12891533333333
679,0.14947533333333
680,0.127816
681,0.12934366666667
682,0.12617366666667
683,0.13543766666667
684,0.131229
685,0.13923566666667
686,0.14377766666667
687,0.13365333333333
688,0.11666666666667
689,0.13333333333333
690,0.13360366666667
691,0.14841766666667
692,0.13335533333333
693,0.11795666666667
694,0.13333333333333
695,0.13866233333333
696,0.12800433333333
697,0.14426866666667
698,0.13906466666667
699,0.12582933333333
700,0.124677
701,0.142997
702,0.136259
703,0.12023766666667
704,0.13333333333333
705,0.14759566666667
706,0.13446633333333
707,0.117938
708,0.15
709,0.13333333333333
710,0.13333333333333
711,0.12941633333333
712,0.12058366666667
713,0.13985
714,0.12826833333333
715,0.13622666666667
716,0.14353033333333
717,0.13051933333333
718,0.12295866666667
719,0.14864666666667
720,0.131738
721,0.13492866666667
722,0.11849733333333
723,0.13369233333333
724,0.14041866666667
725,0.140725
726,0.11666666666667
727,0.13347166666667
728,0.133195
729,0.141214
730,0.13846366666667
731,0.136989
732,0.13333333333333
733,0.12024166666667
734,0.12975833333333
735,0.14417666666667
736,0.13512266666667
737,0.13736733333333
738,0.11666666666667
739,0.137567
740,0.12963633333333
741,0.14058166666667
742,0.142215
743,0.13104433333333
744,0.13504433333333
745,0.13391133333333
746,0.12223633333333
747,0.14443033333333
748,0.11666666666667
749,0.13333333333333
750,0.142401
751,0.13976366666667
752,0.12073466666667
753,0.13926266666667
754,0.134011
755,0.14049366666667
756,0.12792566666667
757,0.12207433333333
758,0.13333333333333
759,0.13333333333333
760,0.13333333333333
761,0.14719566666667
762,0.13613766666667
763,0.13333333333333
764,0.13333333333333
765,0.127835
766,0.13883166666667
767,0.12231733333333
768,0.12768266666667
769,0.15
770,0.12994466666667
771,0.126361
772,0.13436166666667
773,0.12599933333333
774,0.13333333333333
775,0.13333333333333
776,0.13333333333333
777,0.14544133333333
778,0.12443133333333
779,0.13662533333333
780,0.143502
781,0.13333333333333
782,0.128643
783,0.12438
784,0.13031033333333
785,0.13333333333333
786,0.13333333333333
787,0.15
788,0.125596
789,0.14107066666667
790,0.131078
791,0.12539333333333
792,0.138646
793,0.12154933333333
794,0.138464
795,0.14486933333333
796,0.13333333333333
797,0.11728566666667
798,0.149381
799,0.13333333333333
800,0.13333333333333
801,0.13175
802,0.11825
803,0.13333333333333
804,0.141518
805,0.12514866666666
806,0.138531
807,0.12813566666667
808,0.143719
809,0.132542
810,0.14040566666667
811,0.13333333333333
812,0.11666666666667
813,0.13865833333333
814,0.13919033333333
815,0.138818
816,0.11666666666667
817,0.133853
818,0.13281366666667
819,0.13644266666667
820,0.13841666666667
821,0.13333333333333
822,0.13966833333333
823,0.12383833333333
824,0.12830066666667
825,0.15
826,0.13035466666667
827,0.136312
828,0.12074133333334
829,0.12976433333333
830,0.13282766666667
831,0.13333333333333
832,0.14623933333334
833,0.12777777777778
834,0.14264955555555
835,0.121349
836,0.13172333333333
837,0.139929
838,0.12601833333333
839,0.13570433333333
840,0.13318266666667
841,0.14457433333333
842,0.117519
843,0.148755
844,0.129896
845,0.13801566666666
846,0.13333333333333
847,0.131339
848,0.118661
849,0.13333333333333
850,0.13333333333333
851,0.13632733333334
852,0.13033933333333
853,0.14986966666667
854,0.12672066666667
855,0.13315133333333
856,0.133094
857,0.12552133333333
858,0.131643
859,0.14941033333334
860,0.133923
861,0.12822433333334
862,0.12177566666666
863,0.13333333333333
864,0.13333333333333
865,0.13333333333333
866,0.14255633333334
867,0.13730333333333
868,0.12420033333333
869,0.135979
870,0.14329433333333
871,0.13046366666667
872,0.12842666666667
873,0.12584633333333
874,0.138227
875,0.131919
876,0.12845066666666
877,0.144609
878,0.13872433333333
879,0.13333333333333
880,0.12866866666667
881,0.12288766666667
882,0.14489133333333
883,0.120219
884,0.13912133333334
885,0.132181
886,0.14536433333333
887,0.12315333333334
888,0.12684666666666
889,0.14180733333334
890,0.12514266666667
891,0.14971666666666
892,0.127016
893,0.122984
894,0.13703066666667
895,0.129636
896,0.13333333333333
897,0.13333333333333
898,0.15
899,0.12560966666667
900,0.141057
901,0.12126333333334
902,0.13622966666667
903,0.12584033333333
904,0.13333333333333
905,0.15
906,0.13333333333333
907,0.11666666666667
908,0.13872333333334
909,0.133005
910,0.12827166666666
911,0.14288933333334
912,0.14028666666667
913,0.13349066666666
914,0.118975
915,0.1387
916,0.12983
917,0.14180666666667
918,0.12068833333333
919,0.13333333333333
920,0.14917466666667
921,0.117492
922,0.13333333333333
923,0.138303
924,0.14503033333333
925,0.13075666666667
926,0.11924333333333
927,0.14171433333334
928,0.141619
929,0.121029
930,0.130057
931,0.14071933333333
932,0.12486133333333
933,0.13333333333333
934,0.15
935,0.13333333333333
936,0.13333333333333
937,0.11666666666667
938,0.13333333333333
939,0.13333333333333
940,0.138119
941,0.12854766666666
942,0.13618533333334
943,0.14481
944,0.12777777777778
945,0.13549888888889
946,0.12826366666667
947,0.141606
948,0.119846
949,0.132679
950,0.15
951,0.13015766666667
952,0.11984233333333
953,0.13333333333333
954,0.14125333333334
955,0.130428
956,0.12831866666666
957,0.143522
958,0.13981133333333
959,0.11666666666667
960,0.13333333333333
961,0.139971
962,0.14336233333333
963,0.12085566666667
964,0.12914433333333
965,0.142883
966,0.12378366666666
967,0.147969
968,0.12797466666667
969,0.134626
970,0.12762633333333
971,0.12847066666666
972,0.14597866666667
973,0.136238
974,0.11778333333333
975,0.13333333333333
976,0.15
977,0.117997
978,0.132003
979,0.14800833333334
980,0.135325
981,0.13264133333334
982,0.12946566666667
983,0.12722466666667
984,0.127335
985,0.13333333333333
986,0.13333333333333
987,0.13333333333333
988,0.14629933333334
989,0.129207
990,0.13884
991,0.125
992,0.13959533333333
993,0.121678
994,0.13986533333333
995,0.14284833333333
996,0.13333333333333
997,0.12200466666667
998,0.12799533333333
999,0.13958166666667
1000,0.12974
1001,0.13794266666667
1002,0.14128033333333
1003,0.127638
1004,0.12381733333333
1005,0.13546633333334
1006,0.13120033333333
1007,0.14710666666667
1008,0.11956
1009,0.13333333333333
1010,0.14855633333334
1011,0.11811033333333
1012,0.13333333333333
1013,0.15
1014,0.13333333333333
1015,0.126745
1016,0.123255
1017,0.144667
1018,0.13866633333333
1019,0.11666666666667
1020,0.135235
1021,0.14809833333333
1022,0.11679266666667
1023,0.13320733333333
1024,0.14893666666667
1025,0.131351
1026,0.136379
1027,0.13333333333333
1028,0.11666666666667
1029,0.136181
1030,0.133652
1031,0.130167
1032,0.13400733333334
1033,0.149326
1034,0.12594466666667
1035,0.13304066666667
1036,0.124348
1037,0.14936666666667
1038,0.1173
1039,0.13333333333333
1040,0.14543566666667
1041,0.13090166666667
1042,0.12366266666666
1043,0.13333333333333
1044,0.13833666666667
1045,0.134864
1046,0.13371566666667
1047,0.14308366666666
1048,0.12661733333334
1049,0.12338266666666
1050,0.13333333333333
1051,0.14712766666667
1052,0.13620566666666
1053,0.126827
1054,0.123173
1055,0.13939566666667
1056,0.127271
1057,0.13333333333333
1058,0.15
1059,0.13261933333334
1060,0.12702033333333
1061,0.127013
1062,0.133985
1063,0.14075366666667
1064,0.121942
1065,0.13333333333333
1066,0.14372433333334
1067,0.139609
1068,0.11666666666667
1069,0.15
1070,0.128778
1071,0.13788866666666
1072,0.13333333333333
1073,0.11666666666667
1074,0.13333333333333
1075,0.13333333333333
1076,0.13333333333333
1077,0.13815733333334
1078,0.13347033333333
1079,0.12837233333333
1080,0.15
1081,0.13333333333333
1082,0.132316
1083,0.117684
1084,0.13333333333333
1085,0.148597
1086,0.127561
1087,0.123842
1088,0.13333333333333
1089,0.137291
1090,0.12962
1091,0.13912566666667
1092,0.13333333333333
1093,0.14370233333333
1094,0.11692766666666
1095,0.13333333333333
1096,0.14434
1097,0.13899333333333
1098,0.13333333333333
1099,0.121223
1100,0.128777
1101,0.13333333333333
1102,0.13333333333333
1103,0.15
1104,0.13333333333333
1105,0.127313
1106,0.122687
1107,0.14431966666667
1108,0.13901366666666
1109,0.11666666666667
1110,0.13333333333333
1111,0.15
1112,0.13202133333334
1113,0.11797866666666
1114,0.15
1115,0.13333333333333
1116,0.13001766666667
1117,0.136649
1118,0.12936766666667
1119,0.12223033333333
1120,0.13173533333333
1121,0.13333333333333
1122,0.134023
1123,0.13458933333333
1124,0.13504966666667
1125,0.146338
1126,0.13286033333334
1127,0.12564333333333
1128,0.12503066666667
1129,0.13690133333333
1130,0.146231
1131,0.13333333333333
1132,0.11989766666667
1133,0.13200466666667
1134,0.131431
1135,0.13859333333334
1136,0.12807333333333
1137,0.135106
1138,0.14633466666667
1139,0.12234133333333
1140,0.12955133333333
1141,0.15
1142,0.13333333333333
1143,0.13333333333333
1144,0.11666666666667
1145,0.134165
1146,0.13250166666666
1147,0.13771433333334
1148,0.145619
1149,0.13333333333333
1150,0.13333333333333
1151,0.11666666666667
1152,0.13333333333333
1153,0.15
1154,0.11666666666667
1155,0.14140266666667
1156,0.14193066666666
1157,0.13333333333333
1158,0.11666666666667
1159,0.146946
1160,0.135345
1161,0.13437566666666
1162,0.13333333333333
1163,0.11666666666667
1164,0.13333333333333
1165,0.13333333333333
1166,0.13333333333333
1167,0.148446
1168,0.132202
1169,0.12777777777778
1170,0.13180688888889
1171,0.14310066666666
1172,0.126272
1173,0.127641
1174,0.12942033333333
1175,0.14629633333334
1176,0.13077433333333
1177,0.12292933333333
1178,0.13333333333333
1179,0.13333333333333
1180,0.13600366666667
1181,0.130663
1182,0.1375
1183,0.14583333333333
1184,0.12698566666667
1185,0.13132466666667
1186,0.13355166666667
1187,0.14147133333333
1188,0.13333333333333
1189,0.11894633333334
1190,0.13732533333333
1191,0.12706166666666
1192,0.13333333333333
1193,0.148579
1194,0.118288
1195,0.14979966666666
1196,0.13333333333333
1197,0.12967633333334
1198,0.129025
1199,0.124632
1200,0.13333333333333
1201,0.142052
1202,0.13801133333333
1203,0.11993666666666
1204,0.13999366666667
1205,0.137454
1206,0.139219
1207,0.13333333333333
1208,0.11666666666667
1209,0.13618
1210,0.13048666666666
1211,0.13333333333333
1212,0.13540533333334
1213,0.13187666666667
1214,0.14938466666666
1215,0.13070233333334
1216,0.130874
1217,0.132482
1218,0.122612
1219,0.13332966666666
1220,0.139146
1221,0.13587466666667
1222,0.13197133333333
1223,0.13070333333333
1224,0.13686733333333
1225,0.12543733333333
1226,0.13333333333333
1227,0.142855
1228,0.13936866666667
1229,0.13322933333333
1230,0.124924
1231,0.14240133333333
1232,0.13007366666667
1233,0.137148
1234,0.11666666666667
1235,0.13489566666667
1236,0.131771
1237,0.13748966666667
1238,0.14584366666666
1239,0.13333333333333
1240,0.13244833333334
1241,0.12022933333333
1242,0.13262433333333
1243,0.14803133333333
1244,0.11778033333334
1245,0.13221966666666
1246,0.13333333333333
1247,0.14703933333334
1248,0.11962733333333
1249,0.140923
1250,0.14241033333333
1251,0.13299966666667
1252,0.125381
1253,0.13759866666667
1254,0.125627
1255,0.13050233333333
1256,0.13788033333333
1257,0.13784533333333
1258,0.12216566666666
1259,0.14283533333334
1260,0.12482366666667
1261,0.141541
1262,0.12916666666667
1263,0.13022733333333
1264,0.132489
1265,0.13842866666667
1266,0.14382166666666
1267,0.13333333333333
1268,0.11666666666667
1269,0.13333333333333
1270,0.13333333333333
1271,0.13333333333333
1272,0.14504633333334
1273,0.138287
1274,0.13333333333333
1275,0.11666666666667
1276,0.138415
1277,0.135302
1278,0.14294966666666
1279,0.11666666666667
1280,0.13333333333333
1281,0.143236
1282,0.127541
1283,0.14588966666666
1284,0.12541933333334
1285,0.14124733333333
1286,0.12662566666667
1287,0.12337433333333
1288,0.142584
1289,0.14074933333333
1290,0.11931766666667
1291,0.132813
1292,0.14786933333333
1293,0.11666666666667
1294,0.13333333333333
1295,0.15
1296,0.12853966666667
1297,0.13561033333333
1298,0.13160766666667
1299,0.12923333333333
1300,0.125009
1301,0.13600366666667
1302,0.130663
1303,0.134778
1304,0.14855533333333
1305,0.13333333333333
1306,0.12827566666667
1307,0.12784166666667
1308,0.129524
1309,0.13219766666667
1310,0.132161
1311,0.15
1312,0.13333333333333
1313,0.12185333333334
1314,0.13395166666667
1315,0.12752833333333
1316,0.13333333333333
1317,0.13333333333333
1318,0.14368566666667
1319,0.13964766666666
1320,0.12294033333334
1321,0.12952033333333
1322,0.13087266666666
1323,0.14618066666667
1324,0.120486
1325,0.133701
1326,0.14303733333333
1327,0.12326166666666
1328,0.148418
1329,0.12786566666667
1330,0.136688
1331,0.12036166666666
1332,0.14147833333334
1333,0.13580466666667
1334,0.132696
1335,0.128818
1336,0.12786966666666
1337,0.15
1338,0.12017933333334
1339,0.12982066666666
1340,0.15
1341,0.125639
1342,0.14102766666666
1343,0.127074
1344,0.13622433333333
1345,0.12093333333333
1346,0.132435
1347,0.137972
1348,0.144956
1349,0.126967
1350,0.12343833333333
1351,0.14518366666667
1352,0.12916666666667
1353,0.13845666666667
1354,0.12052633333333
1355,0.14018966666667
1356,0.14314366666666
1357,0.13036733333334
1358,0.12580633333333
1359,0.127708
1360,0.137914
1361,0.133571
1362,0.12796666666666
1363,0.14805833333334
1364,0.127522
1365,0.12441966666666
1366,0.13333333333333
1367,0.13333333333333
1368,0.15
1369,0.11666666666667
1370,0.140971
1371,0.13865766666667
1372,0.12053533333333
1373,0.13316933333333
1374,0.15
1375,0.13333333333333
1376,0.131471
1377,0.118529
1378,0.13333333333333
1379,0.144736
1380,0.12313833333333
1381,0.132173
1382,0.14515866666667
1383,0.12146066666666
1384,0.14157
1385,0.14176333333333
1386,0.13091333333334
1387,0.13555166666667
1388,0.12892633333333
1389,0.13671466666667
1390,0.12588766666667
1391,0.12533966666666
1392,0.14045533333334
1393,0.13787333333333
1394,0.138338
1395,0.13333333333333
1396,0.13333333333333
1397,0.12263133333334
1398,0.14315933333333
1399,0.11754266666666
1400,0.14147166666667
1401,0.14186166666666
1402,0.13333333333333
1403,0.11666666666667
1404,0.13448033333334
1405,0.13218633333333
1406,0.13333333333333
1407,0.13352533333334
1408,0.14215066666667
1409,0.14099066666666
1410,0.124932
1411,0.125068
1412,0.14791666666667
1413,0.133668
1414,0.11841533333333
1415,0.13802033333334
1416,0.13682833333333
1417,0.12515133333333
1418,0.13492666666667
1419,0.140746
1420,0.140994
1421,0.13092966666667
1422,0.13322333333333
1423,0.13056266666667
1424,0.13861766666666
1425,0.11921866666667
1426,0.131039
1427,0.14974233333333
1428,0.13333333333333
1429,0.11784233333334
1430,0.14882433333333
1431,0.12724366666667
1432,0.13854366666667
1433,0.133292
1434,0.13379966666667
1435,0.118359
1436,0.13209533333333
1437,0.13759266666667
1438,0.14574066666666
1439,0.13333333333333
1440,0.117099
1441,0.147277
1442,0.13147666666667
1443,0.13748066666666
1444,0.11666666666667
1445,0.13333333333333
1446,0.149414
1447,0.13391933333333
1448,0.11666666666667
1449,0.13333333333333
1450,0.14117033333334
1451,0.130329
1452,0.13130566666667
1453,0.13333333333333
1454,0.147195
1455,0.12208933333334
1456,0.12791066666666
1457,0.15
1458,0.13333333333333
1459,0.12657466666667
1460,0.12967433333333
1461,0.13074166666667
1462,0.129676
1463,0.13333333333333
1464,0.14440266666667
1465,0.13893066666666
1466,0.13333333333333
1467,0.13325066666667
1468,0.133416
1469,0.13333333333333
1470,0.12175066666667
1471,0.13139
1472,0.14641766666667
1473,0.133775
1474,0.11869633333334
1475,0.14040866666667
1476,0.140895
1477,0.12679433333334
1478,0.13945066666667
1479,0.11708833333333
1480,0.13642566666667
1481,0.130241
1482,0.13462366666667
1483,0.14528833333333
1484,0.13439833333333
1485,0.12793033333333
1486,0.133387
1487,0.139163
1488,0.13520933333333
1489,0.12480766666667
1490,0.13042833333333
1491,0.14344366666667
1492,0.13083533333333
1493,0.127061
1494,0.13250766666667
1495,0.13038933333333
1496,0.134359
1497,0.13657266666667
1498,0.13333333333333
1499,0.140265
1500,0.12257833333333
1501,0.13008533333333
1502,0.14304466666667
1503,0.14028866666666
1504,0.131561
1505,0.12650966666667
1506,0.12526266666666
1507,0.13333333333333
1508,0.13333333333333
1509,0.15
1510,0.13333333333333
1511,0.13333333333333
1512,0.11977766666667
1513,0.13231333333333
1514,0.147909
1515,0.117417
1516,0.132583
1517,0.14840833333334
1518,0.134925
1519,0.11666666666667
1520,0.15
1521,0.131282
1522,0.13538466666666
1523,0.13309533333334
1524,0.127191
1525,0.12762966666667
1526,0.12875066666666
1527,0.13598833333334
1528,0.14596433333333
1529,0.11811133333333
1530,0.14583333333333
1531,0.13322
1532,0.13144933333333
1533,0.13943333333333
1534,0.11666666666667
1535,0.138747
1536,0.13840733333333
1537,0.13951233333333
1538,0.11957333333334
1539,0.132
1540,0.13176
1541,0.13941933333334
1542,0.12724733333333
1543,0.1375
1544,0.14583333333333
1545,0.12378866666667
1546,0.12621133333333
1547,0.142621
1548,0.14071233333333
1549,0.12695333333334
1550,0.129756
1551,0.13111633333333
1552,0.13346066666667
1553,0.136094
1554,0.14261966666666
1555,0.12519333333334
1556,0.13543166666667
1557,0.12425933333333
1558,0.13589433333333
1559,0.145888
1560,0.12011866666667
1561,0.12988133333333
1562,0.13341966666667
1563,0.14180133333333
1564,0.124779
1565,0.149637
1566,0.13369633333333
1567,0.13333333333333
1568,0.129
1569,0.121
1570,0.13333333333333
1571,0.13333333333333
1572,0.13333333333333
1573,0.14078433333334
1574,0.13279266666667
1575,0.14308966666666
1576,0.13333333333333
1577,0.13333333333333
1578,0.130624
1579,0.12616533333333
1580,0.129039
1581,0.147505
1582,0.13333333333333
1583,0.13282133333334
1584,0.11717866666666
1585,0.13372833333334
1586,0.135738
1587,0.13865766666667
1588,0.13032033333333
1589,0.144889
1590,0.12770066666667
1591,0.127617
1592,0.13855133333333
1593,0.13946433333333
1594,0.127997
1595,0.122003
1596,0.13333333333333
1597,0.13333333333333
1598,0.13413966666667
1599,0.14739966666667
1600,0.12434566666667
1601,0.144115
1602,0.12364633333334
1603,0.12640166666667
1604,0.149952
1605,0.12580066666667
1606,0.130072
1607,0.12746066666666
1608,0.14471866666667
1609,0.121948
1610,0.13333333333333
1611,0.15
1612,0.12902733333334
1613,0.13763933333333
1614,0.11666666666667
1615,0.13549166666667
1616,0.131175
1617,0.13333333333333
1618,0.13333333333333
1619,0.13333333333333
1620,0.15
1621,0.12777777777778
1622,0.13888888888889
1623,0.13333333333333
1624,0.13333333333333
1625,0.118754
1626,0.131246
1627,0.149657
1628,0.12948733333333
1629,0.12590766666667
1630,0.12828133333333
1631,0.13333333333333
1632,0.14132666666667
1633,0.12534
1634,0.146941
1635,0.13639233333333
1636,0.11901433333334
1637,0.13098566666666
1638,0.13673733333334
1639,0.14378666666667
1640,0.119476
1641,0.13333333333333
1642,0.14940733333334
1643,0.125415
1644,0.13711566666667
1645,0.13324133333333
1646,0.138154
1647,0.11666666666667
1648,0.13492233333334
1649,0.148411
1650,0.128124
1651,0.121876
1652,0.13333333333333
1653,0.144917
1654,0.12773533333333
1655,0.133982
1656,0.14336566666666
1657,0.12780433333334
1658,0.13886233333333
1659,0.13217266666667
1660,0.11822066666667
1661,0.13294
1662,0.13333333333333
1663,0.140605
1664,0.127317
1665,0.14874466666666
1666,0.12857366666667
1667,0.13771733333333
1668,0.12531566666667
1669,0.128519
1670,0.13080866666667
1671,0.132399
1672,0.14599633333334
1673,0.137337
1674,0.12066466666667
1675,0.13150966666667
1676,0.131159
1677,0.13333333333333
1678,0.14148466666667
1679,0.14184866666666
1680,0.13217166666667
1681,0.12199633333333
1682,0.131954
1683,0.13694566666667
1684,0.143599
1685,0.11666666666667
1686,0.13651166666667
1687,0.14682166666666
1688,0.12216266666667
1689,0.13333333333333
1690,0.13555066666667
1691,0.14228666666666
1692,0.126319
1693,0.125146
1694,0.148535
1695,0.12765166666667
1696,0.130253
1697,0.128354
1698,0.141866
1699,0.12187533333333
1700,0.13792333333334
1701,0.14541
1702,0.13197566666667
1703,0.134691
1704,0.11666666666667
1705,0.14177666666667
1706,0.12489
1707,0.13333333333333
1708,0.13333333333333
1709,0.13977033333334
1710,0.143563
1711,0.13333333333333
1712,0.13333333333333
1713,0.12859333333334
1714,0.13807333333333
1715,0.11666666666667
1716,0.137995
1717,0.14533833333333
1718,0.13333333333333
1719,0.12014966666667
1720,0.12985033333333
1721,0.13333333333333
1722,0.13893633333334
1723,0.14278366666667
1724,0.13494666666666
1725,0.13138566666667
1726,0.11861433333333
1727,0.13558133333334
1728,0.141126
1729,0.13186366666667
1730,0.12476233333333
1731,0.13333333333333
1732,0.137893
1733,0.12877366666666
1734,0.13477966666667
1735,0.14855366666666
1736,0.13333333333333
1737,0.117546
1738,0.132454
1739,0.13474633333334
1740,0.148587
1741,0.120041
1742,0.129959
1743,0.14221766666667
1744,0.124449
1745,0.139075
1746,0.14425833333333
1747,0.13333333333333
1748,0.12607733333334
1749,0.13689333333333
1750,0.12967966666667
1751,0.12401633333333
1752,0.13333333333333
1753,0.13503066666667
1754,0.14830266666666
1755,0.13333333333333
1756,0.11666666666667
1757,0.15
1758,0.12777777777778
1759,0.13888888888889
1760,0.12349566666667
1761,0.13325233333333
1762,0.143252
1763,0.13333333333333
1764,0.11666666666667
1765,0.13333333333333
1766,0.140129
1767,0.131741
1768,0.12813
1769,0.141626
1770,0.14170733333333
1771,0.122378
1772,0.127622
1773,0.13748566666667
1774,0.14584766666666
1775,0.13134766666667
1776,0.11901933333333
1777,0.14321733333333
1778,0.12308233333333
1779,0.13476766666667
1780,0.14856566666666
1781,0.13026266666667
1782,0.12784833333333
1783,0.12522233333333
1784,0.13969066666667
1785,0.137241
1786,0.12306833333333
1787,0.136602
1788,0.14673133333333
1789,0.13333333333333
1790,0.11666666666667
1791,0.14572533333334
1792,0.133595
1793,0.13734633333333
1794,0.12576933333334
1795,0.13614266666667
1796,0.1245
1797,0.13119133333333
1798,0.13239666666666
1799,0.14538133333334
1800,0.137952
1801,0.12098466666667
1802,0.14015966666667
1803,0.12792166666667
1804,0.13683033333333
1805,0.12815333333333
1806,0.13286633333333
1807,0.13964966666667
1808,0.13639366666667
1809,0.120374
1810,0.13333333333333
1811,0.139878
1812,0.136843
1813,0.123279
1814,0.13333333333333
1815,0.14864066666667
1816,0.118026
1817,0.13333333333333
1818,0.15
1819,0.13333333333333
1820,0.13333333333333
1821,0.11666666666667
1822,0.13333333333333
1823,0.13333333333333
1824,0.13797766666667
1825,0.14512
1826,0.12796633333333
1827,0.13893599999999
1828,0.13333333333333
1829,0.12666666666667
1830,0.14
1831,0.11666666666667
1832,0.13333333333333
1833,0.148523
1834,0.13266866666667
1835,0.11880833333333
1836,0.14548900000001
1837,0.134458
1838,0.13671966666666
1839,0.12908466666667
1840,0.13409466666667
1841,0.12773533333333
1842,0.12764466666667
1843,0.133024
1844,0.14776833333333
1845,0.12716733333333
1846,0.12573933333333
1847,0.136274
1848,0.143797
1849,0.13433733333333
1850,0.11666666666667
1851,0.13333333333333
1852,0.15
1853,0.13333333333333
1854,0.11666666666667
1855,0.13333333333333
1856,0.13684333333334
1857,0.134112
1858,0.13171566666667
1859,0.13066233333333
1860,0.15
1861,0.123315
1862,0.126685
1863,0.15
1864,0.13223366666667
1865,0.13443299999999
1866,0.11994466666667
1867,0.13005533333333
1868,0.13930033333334
1869,0.12736633333333
1870,0.15
1871,0.13333333333333
1872,0.13128166666667
1873,0.11924533333333
1874,0.13280633333333
1875,0.14725533333334
1876,0.11941133333333
1877,0.13376900000001
1878,0.143602
1879,0.13929566666666
1880,0.11791533333334
1881,0.14875133333333
1882,0.13333333333333
1883,0.12885600000001
1884,0.13781066666666
1885,0.11666666666667
1886,0.13333333333333
1887,0.13333333333333
1888,0.13333333333333
1889,0.14735333333334
1890,0.11931333333333
1891,0.13333333333333
1892,0.13333333333333
1893,0.14128366666667
1894,0.13880466666667
1895,0.126679
1896,0.12656599999999
1897,0.14332966666667
1898,0.14000366666666
1899,0.12140766666667
1900,0.13165966666667
1901,0.13111866666667
1902,0.139579
1903,0.127648
1904,0.135853
1905,0.143364
1906,0.11936999999999
1907,0.13333333333333
1908,0.14201833333334
1909,0.14131499999999
1910,0.12917066666667
1911,0.127021
1912,0.12714166666666
1913,0.13779433333334
1914,0.129816
1915,0.14905633333333
1916,0.12613566666667
1917,0.13256566666667
1918,0.12691333333333
1919,0.13636933333333
1920,0.142737
1921,0.11861233333333
1922,0.13333333333333
1923,0.13361600000001
1924,0.14263833333333
1925,0.13176466666667
1926,0.13779433333333
1927,0.131427
1928,0.13942633333333
1929,0.12769100000001
1930,0.12230899999999
1931,0.13901866666667
1932,0.12764799999999
1933,0.14117233333334
1934,0.13960933333333
1935,0.11921833333333
1936,0.14196766666667
1937,0.13096166666667
1938,0.14373733333333
1939,0.13225133333334
1940,0.12822433333333
1941,0.12285766666666
1942,0.14918633333334
1943,0.133787
1944,0.11702666666666
1945,0.14113400000001
1946,0.12553266666666
1947,0.13333333333333
1948,0.13800833333334
1949,0.12865833333333
1950,0.15
1951,0.13333333333333
1952,0.12465800000001
1953,0.13037833333333
1954,0.14496366666666
1955,0.13144066666667
1956,0.11855933333333
1957,0.13333333333333
1958,0.13424800000001
1959,0.13757566666667
1960,0.14484299999999
1961,0.12909033333334
1962,0.13381566666667
1963,0.12268933333333
1964,0.13107133333333
1965,0.14928333333334
1966,0.11738333333333
1967,0.13333333333333
1968,0.13333333333333
1969,0.15
1970,0.11666666666667
1971,0.13386866666667
1972,0.141284
1973,0.136123
1974,0.13731766666667
1975,0.128056
1976,0.12335066666666
1977,0.13333333333333
1978,0.13604100000001
1979,0.13062566666666
1980,0.13333333333333
1981,0.13627500000001
1982,0.13466933333333
1983,0.14572233333333
1984,0.13088900000001
1985,0.13572766666667
1986,0.12331733333333
1987,0.12673266666666
1988,0.14563200000001
1989,0.13113233333333
1990,0.12323566666666
1991,0.13419366666667
1992,0.133632
1993,0.13217433333333
1994,0.14130566666667
1995,0.13943766666667
1996,0.13592333333333
1997,0.11794333333334
1998,0.13205666666666
1999,0.13333333333333
